# Bundle file v0.3
4 17
2134.46557617 0 0
0.999902502501 -0.0111786112362 -0.00844829726583
-0.0111036339886 -0.999898932409 0.00885912458924
-0.00854629266209 -0.00876433577265 -0.999924858789
-1.01886063265 0.922110208305 -49.7619122147
3091.57788086 0 0
1.00000076557 -2.12238288055e-008 -4.11501440423e-008
2.12238288055e-008 -1.00000068564 1.52621327021e-007
4.11501440423e-008 1.52621327021e-007 -0.999999669157
-1.02391045572 0.694432850143 -75.7183728176
3060.91552734 0 0
0.999967615339 -0.00751175058595 -0.00283107477977
-0.00751228376218 -0.999972069621 -0.000171338341999
-0.00282989021948 0.000192803216954 -0.999995401646
-1.0327964527 0.688279641191 -75.1700543323
3318.52612305 0 0
0.999874116425 0.0142707293324 0.00710954654624
0.0142765942792 -0.999898527666 -0.00077116767675
0.00709767159011 0.00087240463582 -0.999975031593
-1.01394281252 0.673497861583 -81.8202080946
1.16822259869 2.30960967969 6.87866437164
247 254 253
4 0 0 2.6363067627 -49.5867614746 3 0 8.35325241089 -60.7022247314 1 0 5.38222122192 -60.0938415527 2 0 4.02495384216 -60.6354522705
1.04151926615 2.77071181706 5.86430273741
23 21 14
4 0 1 -1.96619510651 -67.8984375 3 1 3.88267707825 -78.0902099609 1 1 0.835338592529 -77.0897369385 2 1 -0.882305145264 -78.6335754395
1.45269643125 0.972092465572 8.45471718526
164 166 163
3 0 5 13.4134693146 0.462280273438 2 8 14.4246902466 -10.4913406372 1 7 15.5438766479 -10.0151596069
1.41665101179 2.44282753048 6.55369787517
80 84 73
3 0 22 12.066827774 -54.8044891357 2 29 13.2136688232 -65.783996582 1 32 14.6643753052 -65.197555542
1.15032146156 2.93289470571 5.14191216822
38 39 32
4 0 26 1.76728630066 -74.4295806885 3 42 8.05978775024 -85.2585296631 2 36 3.13540077209 -85.345703125 1 51 4.92020797729 -84.8750305176
0.872842406149 2.6461530743 6.00830906407
176 173 162
4 0 28 -8.68036270142 -62.9666748047 3 44 -2.23648643494 -73.6549530029 1 34 -5.69900608063 -73.3149414063 2 34 -7.22182846069 -73.8865814209
1.4428988191 2.8082718317 5.58193591278
69 75 52
3 0 33 13.0712604523 -69.2132873535 2 39 14.0045127869 -80.1319580078 1 44 15.8376922607 -79.7156829834
1.41920247213 2.90235315598 5.3838452682
129 139 106
4 0 34 11.8868541718 -72.925201416 3 41 18.171672821 -83.8370361328 1 36 14.8239250183 -83.4169311523 2 41 13.2150440216 -83.8731231689
0.96545424005 2.58409512061 6.33089009851
64 62 51
4 0 35 -5.22798919678 -60.5139160156 3 48 1.00060462952 -71.120010376 1 58 -2.19201469421 -70.6565093994 2 50 -3.79193687439 -71.3494415283
1.08240269019 2.60670349944 6.35272198796
172 170 159
4 0 36 -1.27807044983 -61.1893005371 3 43 5.47513580322 -72.0054779053 1 35 2.37796783447 -71.5144195557 2 31 0.885137557983 -72.0763244629
1.02346085535 2.9088612436 5.21110055571
49 49 47
3 0 46 -3.05945110321 -73.5399627686 2 67 -1.44013786316 -84.4119873047 1 74 -0.0623226165771 -83.8366394043
1.34824522866 1.98534188563 7.50915674427
162 162 163
3 0 10 9.03805923462 -37.6284179688 1 9 12.2803592682 -47.7663574219 2 15 10.2085323334 -48.3534851074
1.34036720745 2.75250469826 6.31746531968
56 59 46
3 0 59 8.93286514282 -66.3867034912 1 84 11.9339027405 -76.8108215332 3 74 15.0066757202 -77.3010864258
1.13781652466 -0.748615581452 0.473569769066
42 38 29
2 0 55 5.07148170471 68.9578094482 2 65 4.3867149353 57.9553527832
0.717043375061 2.78698374122 5.6184294043
27 24 22
2 1 12 -11.6641540527 -79.0975494385 3 13 -8.51169872284 -79.4608764648
0.670449229858 2.93490270979 5.20809889051
105 115 111
2 1 42 -13.7936849594 -84.8055267334 3 40 -10.2685079575 -85.5150299072
1.23061854273 1.3505183489 6.49534988426
175 171 176
2 1 16 7.7848777771 -24.7037963867 2 17 6.20565414429 -25.692276001
