# Camera parameter file. 

# The format of each camera is as follows:
# Filename (of the undistorted image in visualize folder)
# Original filename
# Focal Length (of the undistorted image)
# 2-vec Principal Point (image center)
# 3-vec Translation T (as in P = K[R T])
# 3-vec Camera Position C (as in P = K[R -RC])
# 3-vec Axis Angle format of R
# 4-vec Quaternion format of R
# 3x3 Matrix format of R
# [Normalized radial distortion] = [radial distortion] * [focal length]^2
# 3-vec Lat/Lng/Alt from EXIF

# The nubmer of cameras in this reconstruction
4

00000000.jpg
D:\2Work\RA\Automated 3D Modeling Project\demonstration for regular meeting\6.9\test\3.jpg
2134.46557617
16.5 83
-1.01886063265 -0.922110208305 49.7619122147
0.603709909047 0.47449212552 -49.7749704561
0.00881213217396 -0.00849768261237 0.0111416308728
0.999965786127 0.00440601583734 -0.00424879284964 0.0055707519032
0.999902502501 -0.0111786112362 -0.00844829726583
0.0111036339886 0.999898932409 -0.00885912458924
0.00854629266209 0.00876433577265 0.999924858789
24.8749469984
0 0 0

00000001.jpg
D:\2Work\RA\Automated 3D Modeling Project\demonstration for regular meeting\6.9\test\5.jpg
3091.57788086
18.5 87.5
-1.02391045572 -0.694432850143 75.7183728176
1.02390657076 0.694420839507 -75.7183977205
0 0 0
1.00000014005 0 0 0
1.00000076557 -2.12238288055e-008 -4.11501440423e-008
-2.12238288055e-008 1.00000068564 -1.52621327021e-007
-4.11501440423e-008 -1.52621327021e-007 0.999999669157
13.2533703746
0 0 0

00000002.jpg
D:\2Work\RA\Automated 3D Modeling Project\demonstration for regular meeting\6.9\test\4.jpg
3060.91552734
17.5 90
-1.0327964527 -0.688279641191 75.1700543323
0.825224435657 0.69497968098 -75.1726013027
-0.000182072749307 -0.00283051312273 0.00751209844688
0.999991885793 -9.10361284243e-005 -0.00141525273347 0.00375603906431
0.999967615339 -0.00751175058595 -0.00283107477977
0.00751228376218 0.999972069621 0.000171338341999
0.00282989021948 -0.000192803216954 0.999995401646
7.44147431761
0 0 0

00000003.jpg
D:\2Work\RA\Automated 3D Modeling Project\demonstration for regular meeting\6.9\test\7.jpg
3318.52612305
20 89
-1.01394281252 -0.673497861583 81.8202080946
1.5849410934 0.759291958692 -81.8103389672
-0.000821820717467 0.0071039078188 -0.0142742621014
0.999968458963 -0.000410906038545 0.00355191656522 -0.00713705601304
0.999874116425 0.0142707293324 0.00710954654624
-0.0142765942792 0.999898527666 0.00077116767675
-0.00709767159011 -0.00087240463582 0.999975031593
11.918391154
0 0 0

