# Camera parameter file. 

# The format of each camera is as follows:
# Filename (of the undistorted image in visualize folder)
# Original filename
# Focal Length (of the undistorted image)
# 2-vec Principal Point (image center)
# 3-vec Translation T (as in P = K[R T])
# 3-vec Camera Position C (as in P = K[R -RC])
# 3-vec Axis Angle format of R
# 4-vec Quaternion format of R
# 3x3 Matrix format of R
# [Normalized radial distortion] = [radial distortion] * [focal length]^2
# 3-vec Lat/Lng/Alt from EXIF

# The nubmer of cameras in this reconstruction
210

00000000.jpg
D:\2Work\RA\Automated 3D Modeling Project\demonstration for regular meeting\6.9\test\147.jpg
83.2950744629
43 93.5
1.1606390531 -0.460193227316 3.3421302437
-1.21301431309 -0.0297289750989 -3.35504076775
0.240352888066 -0.0328185899268 0.269887552373
0.98358637256 0.119518211272 -0.0163194176532 0.134204659506
0.963452298255 -0.26790468383 -2.32017998883e-005
0.260102813066 0.935414285292 -0.239493534075
0.0641830254474 0.230732401443 0.970902025595
-1.03831533767
0 0 0

00000001.jpg
D:\2Work\RA\Automated 3D Modeling Project\demonstration for regular meeting\6.9\test\149.jpg
84.2303466797
43.5 90.5
1.24685426631 -0.425086149344 3.37724035583
-1.33423670988 -0.0441976636789 -3.37029576706
0.24177173964 -0.0409937644681 0.272495292711
0.9832499779 0.12021016611 -0.0203823128522 0.135486076453
0.962460824026 -0.271333912038 -0.00750793808057
0.261532814673 0.934391348772 -0.241916675107
0.0726556965655 0.230869897575 0.97026990336
-1.04983265327
0 0 0

00000002.jpg
D:\2Work\RA\Automated 3D Modeling Project\demonstration for regular meeting\6.9\test\153.jpg
87.2194137573
44.5 89
1.24291811671 -0.400338135446 3.7953682438
-1.41192881012 -0.149528382871 -3.7541909129
0.237506468012 -0.05311528063 0.265648405307
0.983819661357 0.118112051262 -0.0264142480037 0.132107046717
0.963703676164 -0.26617862858 -0.0207665539677
0.253699411276 0.937194835042 -0.239380706071
0.0831808721363 0.225423127028 0.970705993082
-1.12544055583
0 0 0

00000003.jpg
D:\2Work\RA\Automated 3D Modeling Project\demonstration for regular meeting\6.9\test\162.jpg
93.6623458862
43 92
1.48491077459 -0.288357691664 4.57009281548
-1.82365891208 -0.391420859642 -4.43790423513
0.246771627406 -0.071312989794 0.265635317653
0.982980548821 0.122685029965 -0.0354539797858 0.132063305853
0.962603846709 -0.268330711636 -0.0372969002206
0.25093193183 0.935018071173 -0.250559152194
0.10210538981 0.231828840153 0.96738111956
-1.29641984337
0 0 0

00000004.jpg
D:\2Work\RA\Automated 3D Modeling Project\demonstration for regular meeting\6.9\test\161.jpg
80.3877792358
43.5 92.5
1.42418906236 -0.309504624826 3.28375872274
-1.61536760068 -0.0643520717691 -3.20836339271
0.243765177195 -0.0686807989991 0.277558406438
0.982405032495 0.121166906498 -0.0341387561845 0.137964305926
0.959598196553 -0.279346701553 -0.0336427710402
0.262800612231 0.932572156111 -0.247489786034
0.100509572475 0.228650128828 0.968308238822
-1.05664708783
0 0 0

00000005.jpg
D:\2Work\RA\Automated 3D Modeling Project\demonstration for regular meeting\6.9\test\160.jpg
82.1492538452
43.5 94
1.43734647413 -0.245400248299 3.46223460625
-1.63715035094 -0.144992430086 -3.37816990875
0.240720853788 -0.0618997826271 0.28465311201
0.98220261424 0.119645542439 -0.030766063483 0.141481203051
0.958072714535 -0.285288476003 -0.0265818297224
0.270564354009 0.931340976773 -0.243739121808
0.094292202209 0.226325536456 0.969474210372
-1.12175319149
0 0 0

00000006.jpg
D:\2Work\RA\Automated 3D Modeling Project\demonstration for regular meeting\6.9\test\158.jpg
88.1543121338
42.5 98
1.33716956713 -0.27609360557 3.88401844705
-1.59785202794 -0.269722484766 -3.78469865353
0.244377997661 -0.0674303612912 0.270862067973
0.982845710743 0.12148950804 -0.0335221726121 0.134655737012
0.961490037715 -0.272836776756 -0.0331754355141
0.256546477441 0.934219270512 -0.247839245245
0.0986130587523 0.229782522263 0.968233456277
-1.12205436094
0 0 0

00000007.jpg
D:\2Work\RA\Automated 3D Modeling Project\demonstration for regular meeting\6.9\test\156.jpg
91.4890594482
44 92
1.19051905474 -0.479477677379 4.24890853845
-1.4107894469 -0.148926701993 -4.20568872553
0.230170359755 -0.06210706818 0.270178007184
0.983816187351 0.114463668451 -0.0308858311217 0.134359462574
0.961992594927 -0.271440749651 -0.0300129607263
0.257299307164 0.937693333161 -0.23352189482
0.0915309617429 0.216922944723 0.971891233889
-1.19879685043
0 0 0

00000008.jpg
D:\2Work\RA\Automated 3D Modeling Project\demonstration for regular meeting\6.9\test\159.jpg
87.3319320679
42 95.5
1.29355047932 -0.157162359836 3.76326825507
-1.58102609523 -0.424423043697 -3.63047486714
0.259642358943 -0.0671402385793 0.268050217784
0.982083008755 0.129044914409 -0.0333693869372 0.133223706455
0.962279418333 -0.270285761506 -0.0311592534149
0.253061192386 0.931200245699 -0.26235729102
0.0999267782795 0.244573980209 0.964468480309
-1.09817856328
0 0 0

00000009.jpg
D:\2Work\RA\Automated 3D Modeling Project\demonstration for regular meeting\6.9\test\146.jpg
85.1448135376
42.5 94.5
1.08075772024 -0.33032861103 3.47100986701
-1.18923443631 -0.209121341491 -3.4448475314
0.243897514056 -0.0358042113886 0.273155524321
0.983126300974 0.12126207345 -0.0178013003864 0.135808703839
0.962481772699 -0.271351522575 -0.00206492557305
0.262716912006 0.933707400723 -0.243267298872
0.0679387808327 0.233596436004 0.969960121243
-1.045904307
0 0 0

00000010.jpg
D:\2Work\RA\Automated 3D Modeling Project\demonstration for regular meeting\6.9\test\145.jpg
86.0769500732
42.5 96
1.07962097017 -0.366917960189 3.52198566021
-1.16726043072 -0.184059561291 -3.5083023926
0.241715435222 -0.0317124397954 0.271318194686
0.983416048629 0.120188876527 -0.0157684696777 0.134908343651
0.963103651511 -0.269132314155 0.0014150897489
0.261551806806 0.934711743921 -0.240646208308
0.0634429543226 0.232136471866 0.970613103373
-1.07009397343
0 0 0

00000011.jpg
D:\2Work\RA\Automated 3D Modeling Project\demonstration for regular meeting\6.9\test\144.jpg
77.7198486328
42 94
1.02759810334 -0.392324285986 2.86448279164
-1.04552989192 -0.0028246253231 -2.88477471226
0.233399908247 -0.0244741593212 0.270137612143
0.984038148844 0.116078375103 -0.0121719012975 0.134349389027
0.963608970354 -0.267235728499 0.00723486705249
0.261583967805 0.936956312721 -0.231721628473
0.0551453279352 0.225180568955 0.972759030445
-1.01286914493
0 0 0

00000012.jpg
D:\2Work\RA\Automated 3D Modeling Project\demonstration for regular meeting\6.9\test\140.jpg
76.8608016968
44 87
0.863168002836 -0.382506166875 2.91684209904
-0.867994111234 -0.0870614916445 -2.93909156245
0.236386268975 -0.014891182567 0.262795160386
0.984397077884 0.117577773249 -0.00740682652532 0.130713471272
0.965723613298 -0.259089796802 0.0161554468735
0.255606039837 0.938181094197 -0.233422516844
0.0453204804252 0.229550348797 0.972245720291
-1.03007107699
0 0 0

00000013.jpg
D:\2Work\RA\Automated 3D Modeling Project\demonstration for regular meeting\6.9\test\139.jpg
76.01222229
44 88
0.843001450723 -0.349509387633 2.83938987862
-0.854286268991 -0.11940907861 -2.8549602952
0.241867114834 -0.0146234124503 0.264851089199
0.983937022568 0.12028534368 -0.00727251488311 0.131715732873
0.96519796595 -0.260949750848 0.017375320753
0.257450193267 0.93636821522 -0.238622029054
0.0459981073157 0.234790782622 0.970962076351
-0.993439611092
0 0 0

00000014.jpg
D:\2Work\RA\Automated 3D Modeling Project\demonstration for regular meeting\6.9\test\138.jpg
75.8577575684
44 89
0.954482361569 -0.28136774611 2.82635432915
-0.968942176506 -0.147785814972 -2.83155849251
0.240912054108 -0.0113669709788 0.267251699245
0.983845893295 0.119806705991 -0.00565284852641 0.132905536319
0.964611908647 -0.262871394701 0.0207228149355
0.260162869714 0.935966249916 -0.237244987219
0.042968942168 0.234240355494 0.971232808449
-1.02201900664
0 0 0

00000015.jpg
D:\2Work\RA\Automated 3D Modeling Project\demonstration for regular meeting\6.9\test\137.jpg
74.3318481445
43.5 90.5
0.941853662355 -0.326132822509 2.6746066985
-0.926921823401 -0.0736751593314 -2.69857228907
0.239828076559 -0.00701336482384 0.266269897478
0.983985713312 0.119273239669 -0.00348794334475 0.132423500009
0.96490689967 -0.261437667648 0.024724874553
0.259773660815 0.936476798897 -0.235649709221
0.0384532202333 0.233802946036 0.971527837443
-0.973984546646
0 0 0

00000016.jpg
D:\2Work\RA\Automated 3D Modeling Project\demonstration for regular meeting\6.9\test\136.jpg
77.5669250488
41.5 94
0.968156881568 -0.323181486473 2.98953344238
-0.955099314739 -0.182047348283 -3.00560052002
0.251386165266 -0.00190904676045 0.264057780106
0.983431681255 0.124998138487 -0.000949245918479 0.131298915879
0.965521633581 -0.258484592937 0.0309569635305
0.258009461421 0.934275596477 -0.246103411365
0.0346910375686 0.245605106579 0.968754256728
-1.01354422728
0 0 0

00000017.jpg
D:\2Work\RA\Automated 3D Modeling Project\demonstration for regular meeting\6.9\test\135.jpg
72.3611373901
42 94.5
0.877712986407 -0.264737405752 2.57688754853
-0.843152945887 -0.136338665568 -2.59832254812
0.241782733718 0.00661015003474 0.266020502231
0.98388602741 0.120241319875 0.0032873032434 0.132295039477
0.96497910528 -0.259536279275 0.0382834845217
0.261116684074 0.936082963171 -0.235737864666
0.0253461576056 0.237477153503 0.971064791278
-0.969089183876
0 0 0

00000018.jpg
D:\2Work\RA\Automated 3D Modeling Project\demonstration for regular meeting\6.9\test\134.jpg
74.8708114624
41.5 94.5
0.861100030459 -0.312259591761 2.67973838941
-0.81111562893 -0.126993956091 -2.71033820739
0.242332769205 0.00936657037629 0.261337734856
0.984154264203 0.120525715793 0.00465852225774 0.129977954118
0.966170661678 -0.254713905718 0.0405008617811
0.256959525473 0.937162521509 -0.236021265995
0.0221620436017 0.238442322579 0.970905279812
-0.979040441766
0 0 0

00000019.jpg
D:\2Work\RA\Automated 3D Modeling Project\demonstration for regular meeting\6.9\test\133.jpg
74.6028213501
43 91.5
0.788159001647 -0.420529945267 2.64357341911
-0.707943796144 -0.0481788982683 -2.69869570156
0.246157093512 0.0116503767568 0.259091815383
0.984061545798 0.122423955375 0.00579420720256 0.12885691975
0.966727961866 -0.252187745753 0.0429541078548
0.255024812792 0.936819288354 -0.239452006449
0.0201466818691 0.242438820629 0.969961253457
-0.940686640134
0 0 0

00000020.jpg
D:\2Work\RA\Automated 3D Modeling Project\demonstration for regular meeting\6.9\test\129.jpg
73.0891952515
43.5 87.5
0.749171260585 -0.324567007055 2.47128177909
-0.677650285993 -0.105898073965 -2.51065668668
0.246496578927 0.0168163158573 0.263871427018
0.983711149555 0.122578368956 0.00836245508401 0.131218572196
0.965425626602 -0.256112643423 0.0486215996464
0.260212046567 0.935514756187 -0.238968947391
0.0157166384313 0.243357885554 0.969810120244
-0.90392399053
0 0 0

00000021.jpg
D:\2Work\RA\Automated 3D Modeling Project\demonstration for regular meeting\6.9\test\185.jpg
102.434989929
45 99.5
2.07355306965 -0.500217297328 5.44395831195
-2.74660243085 -0.0225656759448 -5.16159778321
0.222551303285 -0.137795293343 0.275368471947
0.982011510171 0.11060762106 -0.0684840275701 0.136857664491
0.953158799365 -0.283941045783 -0.104228943564
0.253642161359 0.938074167807 -0.235981144429
0.164779469783 0.198490683545 0.966153457263
-1.45022839756
0 0 0

00000022.jpg
D:\2Work\RA\Automated 3D Modeling Project\demonstration for regular meeting\6.9\test\116.jpg
70.4631958008
42.5 90
0.535364880404 -0.336114225403 2.26063775712
-0.391089052936 -0.108308292143 -2.31200699941
0.2435292232 0.0498560336722 0.252631431422
0.984339630649 0.121128319241 0.024797753154 0.125655641131
0.967191368809 -0.241368008526 0.0792597430704
0.253383300995 0.939079366796 -0.232231019698
-0.0183779016519 0.244694600391 0.969427298263
-0.869045993273
0 0 0

00000023.jpg
D:\2Work\RA\Automated 3D Modeling Project\demonstration for regular meeting\6.9\test\101.jpg
67.9562988281
43 83
0.29269478233 -0.375238785204 2.05762683962
-0.0939694161258 -0.10638850159 -2.10716660586
0.251926019415 0.0782547202936 0.249786194224
0.983547490227 0.125271446479 0.0389125427686 0.124207407927
0.966116157988 -0.234578554942 0.107663946168
0.254076982396 0.937760441134 -0.23675450137
-0.045425388946 0.256087165758 0.965586063008
-0.817651367793
0 0 0

00000024.jpg
D:\2Work\RA\Automated 3D Modeling Project\demonstration for regular meeting\6.9\test\132.jpg
75.1349258423
43 90.5
0.678813908707 -0.402736888414 2.79762539468
-0.610365970862 -0.120207015625 -2.8394816633
0.241765469625 0.0112937320064 0.254215435901
0.984639856378 0.120263173309 0.00561792406375 0.126456251478
0.967955462307 -0.247676539394 0.0414791517649
0.250378921779 0.939094135723 -0.235411052015
0.0193526239918 0.238252602762 0.97101298904
-0.995204214807
0 0 0

00000025.jpg
D:\2Work\RA\Automated 3D Modeling Project\demonstration for regular meeting\6.9\test\130.jpg
75.7290115356
42.5 88.5
0.773216260073 -0.416107372744 2.65202977953
-0.688688901627 -0.0615817349022 -2.70669380143
0.247185061489 0.0140346647693 0.259584116753
0.983958005618 0.122930931004 0.00697976809775 0.129097272117
0.966570648943 -0.25233677734 0.0454758192339
0.255768400271 0.936444746976 -0.240115865051
0.0180046244453 0.243719629746 0.969678031363
-0.929565297862
0 0 0

00000026.jpg
D:\2Work\RA\Automated 3D Modeling Project\demonstration for regular meeting\6.9\test\174.jpg
96.2098083496
45 99.5
1.78037643742 -0.643073139437 4.88423714784
-2.1701389024 0.0950380143173 -4.76659687673
0.220747297085 -0.100156743801 0.264807357813
0.98393350524 0.109781907093 -0.0498098888997 0.131693828812
0.960352523135 -0.270092222994 -0.0691040107083
0.248219659411 0.94121288371 -0.229155790472
0.126934463614 0.20291659616 0.97093516409
-1.32280981341
0 0 0

00000027.jpg
D:\2Work\RA\Automated 3D Modeling Project\demonstration for regular meeting\6.9\test\170.jpg
96.4985275269
43 95
1.72498700381 -0.293776509514 4.8560088495
-2.20650516721 -0.375752119774 -4.65111064339
0.251723818118 -0.0977043560178 0.272304310118
0.981674004808 0.125092117363 -0.0485533902244 0.135319426562
0.958663249285 -0.277826393693 -0.0614723181016
0.253531859915 0.932082830275 -0.258739913973
0.129182086013 0.232458805314 0.963989327305
-1.32725725016
0 0 0

00000028.jpg
D:\2Work\RA\Automated 3D Modeling Project\demonstration for regular meeting\6.9\test\171.jpg
97.6758575439
43.5 96
1.74245874024 -0.391030555529 4.94037140019
-2.19951732101 -0.275248647404 -4.76262377026
0.244071186844 -0.096290231447 0.266677520996
0.982556393329 0.121325184503 -0.0478648473309 0.132562552164
0.960271100564 -0.272114793609 -0.0618933939905
0.248885938969 0.935416316292 -0.25110771347
0.126226253052 0.225727629353 0.965980847428
-1.34729898354
0 0 0

00000029.jpg
D:\2Work\RA\Automated 3D Modeling Project\demonstration for regular meeting\6.9\test\169.jpg
90.5008773804
44.5 100
1.44664115425 -0.254560245295 4.07861044826
-1.7827996997 -0.349990654616 -3.93595106705
0.257387983391 -0.0796706282575 0.268896557858
0.981942501145 0.127918424602 -0.0395952488515 0.133638033947
0.96114795972 -0.272579680848 -0.0435708665725
0.252319780362 0.931556807759 -0.26180001564
0.11195016419 0.240634135543 0.96413953474
-1.1610293236
0 0 0

00000030.jpg
D:\2Work\RA\Automated 3D Modeling Project\demonstration for regular meeting\6.9\test\168.jpg
90.0037918091
44.5 99.5
1.58219466238 -0.403684312959 4.23823863768
-1.93191753619 -0.13345178175 -4.10838188812
0.241232254641 -0.0915895878823 0.270838789134
0.982559363914 0.119914101289 -0.0455282529887 0.13463120859
0.959604273992 -0.275485242849 -0.0571800948023
0.253647375852 0.934990456663 -0.247904478326
0.121756750385 0.223386414023 0.967096883806
-1.18791107421
0 0 0

00000031.jpg
D:\2Work\RA\Automated 3D Modeling Project\demonstration for regular meeting\6.9\test\179.jpg
97.4138183594
46 97
1.90815106628 -0.474216235657 4.88001851107
-2.41223227491 -0.0434515210619 -4.675434983
0.231305638349 -0.11663795689 0.274796942508
0.982225654952 0.114966786062 -0.0579730400526 0.136583446583
0.955968610543 -0.281641487963 -0.082479923308
0.254981573138 0.936255796793 -0.241682914738
0.145290505633 0.210010392212 0.966844541651
-1.33441173755
0 0 0

00000032.jpg
D:\2Work\RA\Automated 3D Modeling Project\demonstration for regular meeting\6.9\test\131.jpg
78.3011322021
43 91
0.549751555681 -0.464361468936 2.98399834902
-0.504492220375 -0.14882941512 -3.02413597573
0.246612764632 0.00154967183122 0.254355863044
0.984351972409 0.122662541627 0.00077079013241 0.126513875651
0.967989291281 -0.248879307781 0.0325544391609
0.249257424357 0.937896945374 -0.241290920803
0.0295195240123 0.24168153836 0.969908985689
-0.991184241205
0 0 0

00000033.jpg
D:\2Work\RA\Automated 3D Modeling Project\demonstration for regular meeting\6.9\test\152.jpg
85.9695663452
45 93
1.20632494183 -0.57239920334 3.77310475378
-1.30765730483 0.0226347588945 -3.78267802273
0.231828957361 -0.0473310161713 0.263987550721
0.984332389996 0.115308476384 -0.0235417845232 0.131303710307
0.964411651681 -0.263922056144 -0.0160650235368
0.253063923782 0.938928403249 -0.23318603078
0.076626740561 0.220821441804 0.972300961047
-1.12011519642
0 0 0

00000034.jpg
D:\2Work\RA\Automated 3D Modeling Project\demonstration for regular meeting\6.9\test\151.jpg
86.4106140137
45 91.5
1.20949990696 -0.575169592465 3.75274263724
-1.29654874874 0.0350670548124 -3.76754538629
0.229898032857 -0.0442780915948 0.263317832957
0.984522208028 0.114355349899 -0.0220247063198 0.130978949877
0.964720655656 -0.262940462891 -0.0134113844584
0.252866276861 0.939535552185 -0.230939833077
0.0733238655301 0.219401693252 0.972879704563
-1.11787061849
0 0 0

00000035.jpg
D:\2Work\RA\Automated 3D Modeling Project\demonstration for regular meeting\6.9\test\155.jpg
85.4580841064
45.5 89
1.3923105205 -0.443511234747 3.72017021791
-1.54927199876 -0.0607981996608 -3.68386961218
0.240692011958 -0.0557188626665 0.266729842351
0.98352329434 0.119684308505 -0.0277062520466 0.132631641905
0.963284691336 -0.267524763246 -0.0227517429964
0.254260474274 0.936169546478 -0.242773872337
0.0862472341502 0.228075349189 0.969818044223
-1.11546266968
0 0 0

00000036.jpg
D:\2Work\RA\Automated 3D Modeling Project\demonstration for regular meeting\6.9\test\150.jpg
83.803565979
44.5 92
1.29628040335 -0.490250354267 3.46552957759
-1.36813963293 0.0167899538916 -3.47252450451
0.237417236382 -0.0399796219598 0.266661752781
0.983909854461 0.118071252963 -0.019882482543 0.132615001959
0.964037114671 -0.265657645696 -0.00780911997437
0.256267183413 0.93694686217 -0.237616278539
0.0704411620464 0.227069598736 0.971330429984
-1.07356072985
0 0 0

00000037.jpg
D:\2Work\RA\Automated 3D Modeling Project\demonstration for regular meeting\6.9\test\186.jpg
104.99899292
44.5 98
2.13957166147 -0.420519792686 5.69913410538
-2.91040329177 -0.165772609606 -5.36067110654
0.229959879743 -0.143977995668 0.274320294995
0.981449874611 0.114268092634 -0.0715433099226 0.136310981354
0.952600857883 -0.283915167683 -0.109280282479
0.251214414549 0.936725573412 -0.243801283187
0.171584407732 0.204792337563 0.963648994203
-1.51424746219
0 0 0

00000038.jpg
D:\2Work\RA\Automated 3D Modeling Project\demonstration for regular meeting\6.9\test\194.jpg
110.902992249
45.5 97.5
2.45190078855 -0.451324552991 6.34683320614
-3.42979396346 -0.111134171562 -5.89253380448
0.225198116679 -0.165484297062 0.279862797268
0.980511101852 0.111866626331 -0.0822039291274 0.139021175788
0.947830518427 -0.291015498527 -0.130100371255
0.254231726482 0.936320237779 -0.242229270989
0.192307089247 0.196516605188 0.961457327217
-1.66127421057
0 0 0

00000039.jpg
D:\2Work\RA\Automated 3D Modeling Project\demonstration for regular meeting\6.9\test\176.jpg
95.4118652344
45 101.5
1.70475787366 -0.574727128351 4.63190641313
-2.0947618824 0.0614145990352 -4.50546442602
0.22321599834 -0.103186710931 0.269613401535
0.983401308177 0.110989797531 -0.05130757759 0.134060000496
0.958793331656 -0.275058462653 -0.071153254243
0.252280656793 0.939420659235 -0.232051746479
0.130670501443 0.204538301867 0.97009854081
-1.27534669374
0 0 0

00000040.jpg
D:\2Work\RA\Automated 3D Modeling Project\demonstration for regular meeting\6.9\test\193.jpg
107.85647583
46 99.5
2.28238155274 -0.417251430121 5.94301736968
-3.194534381 -0.113674590589 -5.52130742641
0.225078738188 -0.164464206603 0.279786775418
0.980564691403 0.111809340915 -0.0816986743951 0.138985917587
0.94801659543 -0.290838890641 -0.129141344292
0.254299842912 0.936364190444 -0.241982873655
0.191301997494 0.196562293828 0.961647670234
-1.57650230234
0 0 0

00000041.jpg
D:\2Work\RA\Automated 3D Modeling Project\demonstration for regular meeting\6.9\test\183.jpg
104.49331665
44.5 100
2.12278335075 -0.561403733161 5.62403475644
-2.76076332733 0.0192252228811 -5.36925706618
0.219502501361 -0.12921414941 0.274679042127
0.982510798811 0.109110680993 -0.0642299916794 0.136537930798
0.9544635779 -0.282316075353 -0.096417861071
0.254283890474 0.938906762209 -0.231944692831
0.156008780659 0.196864996533 0.967939539015
-1.50304974462
0 0 0

00000042.jpg
D:\2Work\RA\Automated 3D Modeling Project\demonstration for regular meeting\6.9\test\196.jpg
110.189277649
47.5 100
2.42208209947 -0.511160286998 6.23298819742
-3.3950185146 0.0123024555124 -5.78373500863
0.217001306703 -0.171991812072 0.278972364286
0.980750395634 0.107803557579 -0.085443398925 0.138590010324
0.946983866519 -0.290266707667 -0.137716657568
0.253422122159 0.9383451947 -0.235140291125
0.197477931632 0.187773235861 0.962156292929
-1.63926501665
0 0 0

00000043.jpg
D:\2Work\RA\Automated 3D Modeling Project\demonstration for regular meeting\6.9\test\197.jpg
110.101303101
47.5 98
2.42339742985 -0.431141969861 6.21550909183
-3.41593645645 -0.0817669333205 -5.74595065344
0.221556608565 -0.171967248648 0.280478927595
0.980398659107 0.110053552908 -0.0854210886335 0.139321966958
0.946586239499 -0.291984133799 -0.136827901081
0.254380144558 0.936956529001 -0.239594894652
0.198158981942 0.191990528152 0.961183354616
-1.63908585542
0 0 0

00000044.jpg
D:\2Work\RA\Automated 3D Modeling Project\demonstration for regular meeting\6.9\test\165.jpg
94.3538742065
43 98
1.48093846989 -0.40952885183 4.63657376886
-1.84221191487 -0.292337638379 -4.51435904253
0.246973291213 -0.0814203994526 0.262494896556
0.982983139504 0.122785396064 -0.0404790167607 0.130502127093
0.962662678428 -0.266503173337 -0.0475330552957
0.246622389068 0.935788835345 -0.25195733057
0.111627708622 0.230826565861 0.966571896421
-1.28108618818
0 0 0

00000045.jpg
D:\2Work\RA\Automated 3D Modeling Project\demonstration for regular meeting\6.9\test\166.jpg
90.7868652344
42.5 96.5
1.47889760858 -0.41500112183 4.14136855201
-1.74048039235 -0.169852685311 -4.05612126457
0.246425011481 -0.0711102051263 0.268318758729
0.982827689976 0.122506413885 -0.035351347529 0.133390554443
0.961914940424 -0.270861394008 -0.0368060862776
0.253538327944 0.934399693236 -0.250236578536
0.10217104664 0.231374204528 0.967486439074
-1.19301239249
0 0 0

00000046.jpg
D:\2Work\RA\Automated 3D Modeling Project\demonstration for regular meeting\6.9\test\164.jpg
90.1827316284
42 96
1.41020893052 -0.337812316315 4.1215810871
-1.7340574664 -0.240941112313 -4.00314618663
0.245383289466 -0.0820088183645 0.270236111643
0.982555524922 0.121977381127 -0.0407656972699 0.134331450426
0.960585953923 -0.273921188689 -0.0473386257397
0.254031246459 0.934154318367 -0.250651170279
0.11287961858 0.22874702869 0.966921165931
-1.17754988632
0 0 0

00000047.jpg
D:\2Work\RA\Automated 3D Modeling Project\demonstration for regular meeting\6.9\test\167.jpg
98.3536682129
43 96
1.47153916835 -0.326588700123 4.9609779547
-1.94276128008 -0.423301860527 -4.7885058359
0.24627206086 -0.0928520945761 0.269160867097
0.982337928972 0.122410227446 -0.046152397378 0.133787173607
0.959943552171 -0.274147601299 -0.0579209498079
0.251549258878 0.934234286306 -0.252845462313
0.123428052022 0.228147374944 0.965773388309
-1.33551583233
0 0 0

00000048.jpg
D:\2Work\RA\Automated 3D Modeling Project\demonstration for regular meeting\6.9\test\157.jpg
94.4998168945
44 94
1.40027302447 -0.42427246958 4.5606393637
-1.67436911888 -0.21000336899 -4.48247064511
0.234817716566 -0.0666164099559 0.282869879543
0.982602264889 0.116727182534 -0.0331148175632 0.14061376861
0.958265050269 -0.28406574505 -0.0322504331597
0.268603884995 0.933206668101 -0.238705648917
0.0979043457964 0.220079926813 0.97055712549
-1.2728992294
0 0 0

00000049.jpg
D:\2Work\RA\Automated 3D Modeling Project\demonstration for regular meeting\6.9\test\118.jpg
72.7463226318
44 88.5
0.538276469474 -0.42426131799 2.41017967038
-0.414777698147 -0.0600791489643 -2.47043464442
0.24435626135 0.0317998604324 0.24521487623
0.984931740864 0.121563841412 0.0158199882793 0.121990990373
0.969735883862 -0.23645936401 0.060822466787
0.24415183006 0.94068163362 -0.235604453399
-0.00150396759835 0.243323890392 0.96994461916
-0.883469742431
0 0 0

00000050.jpg
D:\2Work\RA\Automated 3D Modeling Project\demonstration for regular meeting\6.9\test\120.jpg
75.7113037109
42 87
0.567456671994 -0.513906009182 2.65940242031
-0.421967410642 -0.019110633176 -2.73497417404
0.241329391725 0.0305353950496 0.249218296562
0.984878302372 0.120055862143 0.0151906618268 0.123980412173
0.968796668137 -0.240563874963 0.0596910128149
0.247858596511 0.940431185355 -0.232713895732
-0.00015280011275 0.240247759057 0.97071322844
-0.921139098309
0 0 0

00000051.jpg
D:\2Work\RA\Automated 3D Modeling Project\demonstration for regular meeting\6.9\test\124.jpg
75.2021484375
42 91.5
0.731661524194 -0.505539204455 2.58071297219
-0.594906675559 0.0179780333935 -2.66396845298
0.247935523217 0.0263559471695 0.252902995386
0.984276081555 0.123317324944 0.0131088311152 0.12578802931
0.96801199218 -0.244387417617 0.0568291725454
0.250853176765 0.937942872694 -0.239458941377
0.00521833684994 0.246054232158 0.969242754011
-0.892127735498
0 0 0

00000052.jpg
D:\2Work\RA\Automated 3D Modeling Project\demonstration for regular meeting\6.9\test\122.jpg
77.8214035034
42.5 89.5
0.557270397019 -0.6124008869 2.87349443799
-0.401749490387 0.0287221778338 -2.96315996824
0.238524284924 0.025692906966 0.246456907842
0.985249744938 0.118675181468 0.0127832283308 0.122621972314
0.969600760854 -0.238592305617 0.0542936920585
0.244660762168 0.941761274299 -0.230714438623
0.00391500224874 0.236984330465 0.971506204448
-0.961325120816
0 0 0

00000053.jpg
D:\2Work\RA\Automated 3D Modeling Project\demonstration for regular meeting\6.9\test\114.jpg
72.5891571045
44.5 92.5
0.535451084962 -0.355169678656 2.43842288749
-0.396660274024 -0.151092410828 -2.48567413165
0.251241451436 0.0452923827485 0.252675715322
0.983916149396 0.124946512458 0.0225246480347 0.125659795515
0.967405519873 -0.241648975815 0.0757263674632
0.252905832733 0.937195235538 -0.240212687384
-0.0129230923802 0.25153487829 0.967763200759
-0.87597045941
0 0 0

00000054.jpg
D:\2Work\RA\Automated 3D Modeling Project\demonstration for regular meeting\6.9\test\201.jpg
114.926544189
47 95
2.45522256214 -0.556401066071 6.73375250226
-3.60718755691 0.00996960737757 -6.21845355876
0.213071419232 -0.187663738781 0.277325121801
0.980373648026 0.105837824287 -0.0932172033287 0.137754221646
0.944667083428 -0.28983304009 -0.153616698945
0.250369395134 0.93964352043 -0.233203085326
0.2119340598 0.181839370254 0.960219355113
-1.73848216287
0 0 0

00000055.jpg
D:\2Work\RA\Automated 3D Modeling Project\demonstration for regular meeting\6.9\test\106.jpg
70.5561294556
41.5 87.5
0.490218425601 -0.488821377665 2.16024710049
-0.273427179277 0.056630069967 -2.25121242439
0.235493192656 0.0676977869133 0.239589105266
0.985355463453 0.117171251758 0.0336834977877 0.119209201144
0.96930973581 -0.227033498199 0.0943162331125
0.242820252366 0.944119017049 -0.222879681594
-0.0384446411806 0.238941650722 0.970272804565
-0.846751576244
0 0 0

00000056.jpg
D:\2Work\RA\Automated 3D Modeling Project\demonstration for regular meeting\6.9\test\207.jpg
128.5987854
50.5 98
2.93966488358 -0.660466899621 8.28126257173
-4.60989954043 0.105353393277 -7.50965179861
0.20520402182 -0.222284110228 0.284270962669
0.978536276524 0.101866881379 -0.110345737322 0.141117099835
0.935820370543 -0.298657229886 -0.187204094518
0.253695575821 0.939418963476 -0.23050430152
0.244705133199 0.168217453704 0.954893643876
-2.088808636
0 0 0

00000057.jpg
D:\2Work\RA\Automated 3D Modeling Project\demonstration for regular meeting\6.9\test\210.jpg
117.222816467
50.5 98
3.10117865508 -0.588248662265 7.25232689562
-4.59327305824 0.215416945409 -6.43544556688
0.211434679245 -0.231272827818 0.280647897554
0.977962215717 0.104939600662 -0.114785702524 0.139291616688
0.934845282228 -0.296534709037 -0.195277791036
0.248353043312 0.939170777689 -0.237231235822
0.253746528858 0.173276621699 0.951624321564
-1.8148951142
0 0 0

00000058.jpg
D:\2Work\RA\Automated 3D Modeling Project\demonstration for regular meeting\6.9\test\212.jpg
117.777999878
49.5 94.5
2.93722039901 -0.442574368401 7.18675526559
-4.47185448323 -0.00583287216434 -6.36200412633
0.218856254097 -0.232170118149 0.281002174332
0.977489425612 0.10860579151 -0.115212697716 0.139445243113
0.934561947171 -0.297638272804 -0.194949346728
0.247586729574 0.937518864698 -0.244453570265
0.255527428127 0.180190480779 0.949861496865
-1.82897841128
0 0 0

00000059.jpg
D:\2Work\RA\Automated 3D Modeling Project\demonstration for regular meeting\6.9\test\216.jpg
120.18649292
48.5 94.5
3.21464712889 -0.368262125557 7.47255240046
-4.91522679438 -0.0259505996862 -6.49217554241
0.220796880031 -0.246639723667 0.28382669344
0.97632673996 0.109525893664 -0.122345189587 0.140791718798
0.930418897633 -0.301717592189 -0.208057068924
0.248117287119 0.936363900235 -0.248316463034
0.269738451474 0.179415771775 0.946072814775
-1.89904441703
0 0 0

00000060.jpg
D:\2Work\RA\Automated 3D Modeling Project\demonstration for regular meeting\6.9\test\208.jpg
118.151947021
50.5 98
2.95447538011 -0.61193954232 7.1388139172
-4.31699432615 0.202451443183 -6.43340347496
0.211800044891 -0.214955484976 0.284315358862
0.978589293767 0.105143140008 -0.106709583862 0.141141658391
0.937383377378 -0.298679359441 -0.17916976812
0.253799503783 0.938048794293 -0.235906427112
0.238529657119 0.175661377388 0.955115851832
-1.79778898269
0 0 0

00000061.jpg
D:\2Work\RA\Automated 3D Modeling Project\demonstration for regular meeting\6.9\test\126.jpg
76.9584732056
41.5 88.5
0.691036433364 -0.448192591297 2.73089073192
-0.592330803032 -0.0717153293785 -2.789291173
0.246440173085 0.0177542060906 0.25844310929
0.984062569171 0.122564784508 0.00882989334233 0.128534335945
0.966801603183 -0.250807323287 0.0488858224977
0.25513599214 0.936913222213 -0.238952657645
0.0141291523859 0.243493009286 0.969801734777
-0.943666471395
0 0 0

00000062.jpg
D:\2Work\RA\Automated 3D Modeling Project\demonstration for regular meeting\6.9\test\102.jpg
73.3686752319
42.5 88
0.19321674122 -0.482014547092 2.49837653762
0.00183076751267 -0.126091667731 -2.54865425645
0.247493487371 0.0598885684944 0.235765755895
0.984984592163 0.123126752178 0.0297942584657 0.117292265371
0.970708733184 -0.223725077186 0.0875771010383
0.238399219494 0.942164399128 -0.235566347373
-0.0298104410564 0.249545467742 0.967905454882
-0.89621391738
0 0 0

00000063.jpg
D:\2Work\RA\Automated 3D Modeling Project\demonstration for regular meeting\6.9\test\121.jpg
76.446182251
43 90
0.499828925893 -0.578211023433 2.68639312889
-0.381511841635 0.0326179462972 -2.76662787807
0.238629230296 0.0148711263188 0.250756218795
0.985032493609 0.118718738275 0.00739842873025 0.124751950434
0.968765443651 -0.244012647317 0.0441961302118
0.247526251958 0.940687049402 -0.232037689311
0.015045359408 0.235729569894 0.97170356081
-0.922190209124
0 0 0

00000064.jpg
D:\2Work\RA\Automated 3D Modeling Project\demonstration for regular meeting\6.9\test\123.jpg
77.6396026611
42 90
0.606176962303 -0.591755770215 2.87311304937
-0.409591590589 0.0219398880654 -2.96717447331
0.23541117856 0.0411934937669 0.242439502988
0.985548710345 0.117138041946 0.0204974344476 0.120635259736
0.970054789409 -0.232982101586 0.0686643400154
0.242585597033 0.943451211812 -0.225944777702
-0.0121405403253 0.235836206986 0.971719040628
-0.976194925686
0 0 0

00000065.jpg
D:\2Work\RA\Automated 3D Modeling Project\demonstration for regular meeting\6.9\test\187.jpg
103.561676025
44.5 97.5
2.21994913209 -0.360666069374 5.62330401591
-3.01255251351 -0.212597714842 -5.24967830789
0.235416143992 -0.147661195872 0.272847333516
0.98110118646 0.116965619217 -0.0733649057223 0.135563163915
0.952480653808 -0.2831645659 -0.112244728423
0.24884015793 0.935883736116 -0.249401349849
0.175668855772 0.209619081305 0.961873762367
-1.50261681255
0 0 0

00000066.jpg
D:\2Work\RA\Automated 3D Modeling Project\demonstration for regular meeting\6.9\test\180.jpg
97.9995803833
42.5 100
1.88985368705 -0.590440332501 4.93839413993
-2.38130251457 0.101976701804 -4.75677707952
0.219905070164 -0.119719078052 0.273061913207
0.982892289986 0.109324805009 -0.0595177949021 0.135751487651
0.956057463365 -0.279871609946 -0.0873172594181
0.253844752321 0.939240412104 -0.231068393938
0.146681067487 0.198749637854 0.969011139389
-1.34073892929
0 0 0

00000067.jpg
D:\2Work\RA\Automated 3D Modeling Project\demonstration for regular meeting\6.9\test\117.jpg
73.6312103271
42.5 90
0.575619572556 -0.423096198126 2.41168393752
-0.43593635002 -0.0555178676931 -2.47657497949
0.245059472717 0.0379434064394 0.247638339357
0.984686898857 0.121903658779 0.0188747654609 0.123186503615
0.968935927509 -0.237998445468 0.067205050725
0.247202099433 0.939928754417 -0.235423285839
-0.00713788634844 0.244724457051 0.969568473194
-0.84686519438
0 0 0

00000068.jpg
D:\2Work\RA\Automated 3D Modeling Project\demonstration for regular meeting\6.9\test\115.jpg
71.115776062
43.5 92.5
0.558723338139 -0.456010190117 2.24016883677
-0.394408631102 0.00972968785754 -2.32008642774
0.243615334814 0.0470055683646 0.238380804819
0.985238860353 0.121207735533 0.0233870273529 0.11860336119
0.970773145073 -0.228036096645 0.0748348461349
0.239374465008 0.942483925649 -0.233289356941
-0.01733238657 0.244384927947 0.969525377074
-0.84093428061
0 0 0

00000069.jpg
D:\2Work\RA\Automated 3D Modeling Project\demonstration for regular meeting\6.9\test\113.jpg
72.7004852295
44 93.5
0.419614352494 -0.496302852904 2.45259606482
-0.248625432556 -0.0294655390974 -2.52486051501
0.241532236253 0.0454166514547 0.241056146031
0.985223163463 0.120170682996 0.0225963627438 0.119933811562
0.970211250816 -0.230892654455 0.0733500072681
0.241753622479 0.94234929767 -0.23136952654
-0.0156998326728 0.242210235287 0.970098178807
-0.877200096059
0 0 0

00000070.jpg
D:\2Work\RA\Automated 3D Modeling Project\demonstration for regular meeting\6.9\test\112.jpg
69.8059463501
42.5 92
0.293147974944 -0.491756691453 2.20309743547
-0.10493104493 1.11022302463e-016 -2.27384567049
0.238779517758 0.0570110141859 0.238959689567
0.985364873777 0.118806760566 0.0283663103753 0.118896406567
0.970117705047 -0.22757273021 0.0841536929843
0.241052640387 0.943495937281 -0.227390364967
-0.0276509703858 0.240881669548 0.970162095569
-0.846964178654
0 0 0

00000071.jpg
D:\2Work\RA\Automated 3D Modeling Project\demonstration for regular meeting\6.9\test\111.jpg
67.9650497437
43.5 88
0.502134401035 -0.554472545327 1.92088739824
-0.29510437031 0.178204620589 -2.03237027892
0.235613384768 0.0604956772631 0.233359323448
0.985830262472 0.117249735002 0.0301048352361 0.11612803263
0.97121648629 -0.221905408147 0.0865883565479
0.236024707406 0.945534400992 -0.22418447737
-0.0321246739419 0.238168870756 0.970694338343
-0.78760935603
0 0 0

00000072.jpg
D:\2Work\RA\Automated 3D Modeling Project\demonstration for regular meeting\6.9\test\104.jpg
70.0781326294
42.5 88
0.383346855766 -0.496909929499 2.09708271041
-0.175719114085 0.04467586604 -2.18145631426
0.241228460604 0.0650721090902 0.244834265284
0.984742765841 0.120000190907 0.0323704155555 0.121793914786
0.968236477823 -0.232102726666 0.0929836678407
0.24763997937 0.941531939404 -0.228453464428
-0.0345224623415 0.244223815154 0.969104842276
-0.817208140437
0 0 0

00000073.jpg
D:\2Work\RA\Automated 3D Modeling Project\demonstration for regular meeting\6.9\test\103.jpg
68.0832519531
42 87.5
0.314600454855 -0.480891463379 2.02523696185
-0.107198332203 0.016812716571 -2.10238847568
0.24735703058 0.0701301479987 0.243110702919
0.984389917477 0.123034299127 0.0348824271802 0.120922194424
0.968320889773 -0.229485616128 0.0984308067735
0.246652739834 0.940481152431 -0.233791322752
-0.0389208316798 0.250663571507 0.967291996319
-0.801082855125
0 0 0

00000074.jpg
D:\2Work\RA\Automated 3D Modeling Project\demonstration for regular meeting\6.9\test\109.jpg
71.4679260254
44 85.5
0.381222358127 -0.526831677442 2.3070659768
-0.18517766166 0.0233001202921 -2.38968187719
0.240829286796 0.0549803066843 0.236366861388
0.985424598238 0.119829042344 0.0273564631005 0.117608680484
0.970841233565 -0.225233105881 0.0821014261622
0.238344840981 0.943618030076 -0.22972991066
-0.025729500478 0.242600032977 0.969787291607
-0.853081298581
0 0 0

00000075.jpg
D:\2Work\RA\Automated 3D Modeling Project\demonstration for regular meeting\6.9\test\127.jpg
75.4823684692
41.5 89
0.783283786683 -0.522985240566 2.60461138532
-0.660608923523 0.0639663021993 -2.68896470299
0.239694539017 0.0182391155495 0.249324869984
0.985044291724 0.119249204741 0.00907404913511 0.124040341469
0.969064068749 -0.242206300165 0.0474600406131
0.246534621064 0.940788963689 -0.232680413895
0.0117066793997 0.237182579798 0.971395994196
-0.919983895888
0 0 0

00000076.jpg
D:\2Work\RA\Automated 3D Modeling Project\demonstration for regular meeting\6.9\test\125.jpg
75.8626861572
41.5 92
0.74948505808 -0.500599841421 2.61695916758
-0.612866039644 0.0284636189723 -2.69895880957
0.241884012081 0.0251839449037 0.257991106257
0.984328488739 0.120309562165 0.0125261250584 0.128320994716
0.966753854447 -0.249606217073 0.0555361405319
0.255633826136 0.938118345018 -0.233633387321
0.00621685353809 0.240063130704 0.970738095505
-0.914559307066
0 0 0

00000077.jpg
D:\2Work\RA\Automated 3D Modeling Project\demonstration for regular meeting\6.9\test\110.jpg
70.8249053955
43 87.5
0.45056512891 -0.47342707835 2.17109358069
-0.268587949712 0.0154313817204 -2.25130869861
0.244050198862 0.0549604318487 0.23983865595
0.985024895196 0.121415376267 0.0273429054506 0.119320126725
0.970031015862 -0.228426905982 0.0828413911144
0.241706275306 0.942041600783 -0.232668877463
-0.024892379189 0.245719795666 0.969023559979
-0.818216828767
0 0 0

00000078.jpg
D:\2Work\RA\Automated 3D Modeling Project\demonstration for regular meeting\6.9\test\107.jpg
70.6148605347
42 87
0.478998305373 -0.512806109107 2.11552766948
-0.282551958924 0.0797719638244 -2.20944697383
0.240079228475 0.0574345045335 0.237341442181
0.985377542823 0.119453950505 0.0285771430765 0.118091736079
0.970475478688 -0.225902652766 0.0845314966822
0.239557126134 0.943570623527 -0.228664896107
-0.0281056034202 0.242164064809 0.969829505382
-0.833886831519
0 0 0

00000079.jpg
D:\2Work\RA\Automated 3D Modeling Project\demonstration for regular meeting\6.9\test\108.jpg
70.9397583008
43 87.5
0.465132630838 -0.69825126538 2.22359562873
-0.20331166128 0.247582793328 -2.35491623427
0.229922902598 0.0638434750483 0.239303174682
0.985758289124 0.114415182124 0.0317700531026 0.119083031767
0.969619366896 -0.227504399904 0.0898849515928
0.242043942728 0.945456849818 -0.218004685754
-0.0353854211746 0.233138170966 0.971801401593
-0.835394996626
0 0 0

00000080.jpg
D:\2Work\RA\Automated 3D Modeling Project\demonstration for regular meeting\6.9\test\105.jpg
71.2162475586
42 89
0.449925831196 -0.567566918658 2.12882720245
-0.242560203351 0.134808667554 -2.23146746845
0.232924963504 0.0574853884296 0.228200892194
0.986327198293 0.115931206872 0.0286115766979 0.113579946277
0.97256140683 -0.217420058362 0.0827755872888
0.230687902411 0.947319673553 -0.222192672422
-0.0301059178439 0.235191737452 0.971484287985
-0.83384557275
0 0 0

00000081.jpg
