# Camera parameter file. 

# The format of each camera is as follows:
# Filename (of the undistorted image in visualize folder)
# Original filename
# Focal Length (of the undistorted image)
# 2-vec Principal Point (image center)
# 3-vec Translation T (as in P = K[R T])
# 3-vec Camera Position C (as in P = K[R -RC])
# 3-vec Axis Angle format of R
# 4-vec Quaternion format of R
# 3x3 Matrix format of R
# [Normalized radial distortion] = [radial distortion] * [focal length]^2
# 3-vec Lat/Lng/Alt from EXIF

# The nubmer of cameras in this reconstruction
77

00000000.jpg
D:\Automated-3D-Modeling-Project\Demonstration-for-regular-meeting\7.27\1time-60frame\images\1-13.jpg
2669.98925781
238.5 516
1.31825090779 0.603207667121 12.5223336454
4.12336565144 0.00121468441041 -11.9125142124
-0.0552393099211 0.43938704051 0.0574202050202
0.975177394813 -0.0273907439298 0.217872705685 0.0284721538765
0.903442303872 -0.0674664334024 0.423369225949
0.0435951699655 0.996877916879 0.0658280335795
-0.426488924173 -0.0410153036504 0.903563584665
0.199889800848
0 0 0

00000001.jpg
D:\Automated-3D-Modeling-Project\Demonstration-for-regular-meeting\7.27\1time-60frame\images\1-14.jpg
2670.01904297
216 495.5
1.92708416057 0.736605715172 12.3089134285
3.29716989588 0.00353827754032 -12.0371932758
-0.0629087234969 0.424100335256 0.0543074471828
0.976745012884 -0.0312101580404 0.210403863766 0.0269429089501
0.910010135106 -0.0657664168638 0.409340397738
0.0394989909347 0.996600049864 0.0723064610356
-0.41270330076 -0.0496310038334 0.909513095805
0.182939860862
0 0 0

00000002.jpg
D:\Automated-3D-Modeling-Project\Demonstration-for-regular-meeting\7.27\1time-60frame\images\1-12.jpg
2676.76586914
219 517.5
0.69343525007 0.557645800445 12.9777874014
5.05228719298 0.00146573157257 -11.9870425738
-0.0542901880371 0.453456102117 0.05895040573
0.973611429246 -0.0269058978871 0.224730177238 0.029215474367
0.89728745891 -0.0689825451287 0.436028156659
0.0447955338894 0.996844393741 0.0655229848466
-0.439171319561 -0.0392605739414 0.897545007981
0.15916282047
0 0 0

00000003.jpg
D:\Automated-3D-Modeling-Project\Demonstration-for-regular-meeting\7.27\1time-60frame\images\1-15.jpg
2660.30908203
193.5 508
2.53504651375 0.704196190978 11.8840188863
2.37306348319 0.00285967683932 -11.9382085284
-0.0581344855037 0.407721414566 0.0544477447337
0.978504619406 -0.0288586722754 0.202397915466 0.0270285288979
0.916608563416 -0.0645769552398 0.394534250558
0.0412132062897 0.996872075785 0.0674178605545
-0.397654930408 -0.0455355159712 0.916404521594
0.193069292721
0 0 0

00000004.jpg
D:\Automated-3D-Modeling-Project\Demonstration-for-regular-meeting\7.27\1time-60frame\images\1-16.jpg
2653.59912109
207 528.5
3.19543842671 0.634471662265 11.5125014973
1.46736605122 0.0142727731406 -11.874244176
-0.050616550757 0.394849328002 0.0556791873373
0.979871899732 -0.0251382439248 0.196098283514 0.0276525557725
0.921562520388 -0.0640512205918 0.382912270228
0.0443326288372 0.997206058092 0.0601096576798
-0.385692520177 -0.0384193776425 0.921827181057
0.171517857363
0 0 0

00000005.jpg
D:\Automated-3D-Modeling-Project\Demonstration-for-regular-meeting\7.27\1time-60frame\images\1-17.jpg
2647.95336914
220.5 517.5
3.83386561718 0.707826937649 11.1933126418
0.57029634007 0.0209535080856 -11.8390829632
-0.054783184698 0.379268088789 0.054399332025
0.981332834067 -0.0272209381574 0.188452592651 0.0270302075541
0.927510429954 -0.0633110917197 0.368398029211
0.0427914290181 0.997055987085 0.0636132507928
-0.371340838124 -0.0432379507593 0.927490107836
0.173304897719
0 0 0

00000006.jpg
D:\Automated-3D-Modeling-Project\Demonstration-for-regular-meeting\7.27\1time-60frame\images\1-18.jpg
2645.42675781
205.5 499.5
4.43798748727 0.814820768861 10.9629441985
-0.302802744417 0.0256082429279 -11.8513030122
-0.0618270285661 0.360211987429 0.0529820274602
0.983000622771 -0.0307381447929 0.17908426917 0.026340732674
0.934471155073 -0.0627956008406 0.350460955026
0.0407762256506 0.996721618826 0.0698655586077
-0.353698837464 -0.050996903289 0.933968123572
0.205115587654
0 0 0

00000007.jpg
D:\Automated-3D-Modeling-Project\Demonstration-for-regular-meeting\7.27\1time-60frame\images\1-19.jpg
2637.8269043
222 525.5
5.12189606896 0.74209252347 10.6115349273
-1.22538453308 0.0224011935937 -11.7425261071
-0.0522335104532 0.346703936905 0.0543984797425
0.98430500487 -0.0259799776096 0.172444096516 0.0270567931094
0.939062842992 -0.0622245937531 0.338069427668
0.04430395374 0.997185694689 0.0604760242492
-0.340880921375 -0.041812863701 0.939176832766
0.20224537097
0 0 0

00000008.jpg
D:\Automated-3D-Modeling-Project\Demonstration-for-regular-meeting\7.27\1time-60frame\images\1-20.jpg
2630.20776367
226.5 530.5
5.76228785803 0.756451879658 10.3003898773
-2.11533864733 0.0114310131411 -11.6361234405
-0.0505116634637 0.33109013875 0.0524242727208
0.985669321008 -0.02513507167 0.164753520198 0.0260868037544
0.944352099466 -0.0597081812571 0.323473780559
0.0431436673182 0.997374904204 0.0581456033782
-0.326096180991 -0.0409538727277 0.944449037831
0.192027485903
0 0 0

00000009.jpg
D:\Automated-3D-Modeling-Project\Demonstration-for-regular-meeting\7.27\1time-60frame\images\1-21.jpg
2621.88867188
213 522
6.41412896131 0.822238066858 10.0229607801
-3.02009968988 0.00690002246038 -11.5393104486
-0.0540009514646 0.313997332756 0.0508239466806
0.987016602513 -0.0268835216392 0.156318617744 0.0253018999354
0.949849511705 -0.0583517101829 0.307218194123
0.0415418710627 0.997274050005 0.0609792666052
-0.309938089857 -0.0451586621623 0.949683532835
0.194564704364
0 0 0

00000010.jpg
D:\Automated-3D-Modeling-Project\Demonstration-for-regular-meeting\7.27\1time-60frame\images\1-22.jpg
2613.33105469
214.5 529
7.07887776283 0.832112247258 9.7351043736
-3.93176013757 1.11022302463e-016 -11.4068585059
-0.0516752041071 0.2973821049 0.0507412309996
0.988312824403 -0.0257368672113 0.148111340383 0.0252717013303
0.954848931253 -0.0575765253977 0.291459808659
0.0423288606791 0.997398681846 0.0583583393997
-0.2940615399 -0.0433859642999 0.954801342416
0.197385548356
0 0 0

00000011.jpg
D:\Automated-3D-Modeling-Project\Demonstration-for-regular-meeting\7.27\1time-60frame\images\1-23.jpg
2605.94091797
225 540
7.76267625157 0.817635596662 9.45923145799
-4.83657396011 -0.00383613201859 -11.269971572
-0.0475724793796 0.282308629525 0.0500019639712
0.989460842001 -0.0237026185175 0.140658082931 0.0249130903537
0.959189019176 -0.0559689194366 0.277170381736
0.0426331899963 0.997634973955 0.0539140632913
-0.27953227895 -0.0398971882124 0.959307038284
0.22971146334
0 0 0

00000012.jpg
D:\Automated-3D-Modeling-Project\Demonstration-for-regular-meeting\7.27\1time-60frame\images\1-24.jpg
2597.21704102
228 540
8.45410339328 0.838295791733 9.19287126596
-5.75088322626 0.00420696448302 -11.1180375039
-0.0476712794499 0.266541772572 0.0497080958474
0.99054142605 -0.0237604418432 0.132850436554 0.0247756371163
0.963474150264 -0.0553957874824 0.26201054048
0.0427693921996 0.997642848126 0.0536543485623
-0.264364903022 -0.0404884592256 0.963572268494
0.201695759647
0 0 0

00000013.jpg
D:\Automated-3D-Modeling-Project\Demonstration-for-regular-meeting\7.27\1time-60frame\images\1-25.jpg
2587.8034668
231 540
9.11484158556 0.874728776055 8.97276557911
-6.66148099905 0.00112341110352 -10.95356162
-0.0477598072506 0.247087005287 0.0501004711125
0.991781101219 -0.0238144455382 0.123204852979 0.024981569429
0.968393006951 -0.0554204193283 0.243194661485
0.0436845744254 0.997618367306 0.0533931856515
-0.245574317566 -0.0410816824315 0.968507636683
0.210033256003
0 0 0

00000014.jpg
D:\Automated-3D-Modeling-Project\Demonstration-for-regular-meeting\7.27\1time-60frame\images\1-26.jpg
2585.0793457
237 540
9.8115086694 0.900823365885 8.86873993415
-7.51931317892 0.00190709886184 -10.9174980742
-0.0479954001203 0.232778134352 0.048869203534
0.992649184644 -0.0239388703066 0.116103742327 0.02437470096
0.9718517861 -0.0539498902885 0.229333481116
0.042832217847 0.99766466215 0.0531859174089
-0.231667659506 -0.0418656829557 0.971893166847
0.185224548968
0 0 0

00000015.jpg
D:\Automated-3D-Modeling-Project\Demonstration-for-regular-meeting\7.27\1time-60frame\images\1-27.jpg
2581.62280273
225 540
10.4950150859 0.920615545346 8.72867489888
-8.40066857526 0.00210968313392 -10.7986760098
-0.0485750882619 0.215802068325 0.0470497862122
0.993613768907 -0.0242358201289 0.107671242575 0.0234747932849
0.975711444185 -0.0518688008063 0.212829534785
0.041430710514 0.997722828608 0.0532171495826
-0.215104981768 -0.0431070287406 0.975639014256
0.206175626501
0 0 0

00000016.jpg
D:\Automated-3D-Modeling-Project\Demonstration-for-regular-meeting\7.27\1time-60frame\images\1-28.jpg
2573.95654297
234 540
11.1729235271 0.960552476584 8.5868204873
-9.31420987666 -0.00838077870422 -10.6177155756
-0.0490016479589 0.195236913946 0.046688253402
0.994667357642 -0.0244572570996 0.0974448737665 0.0233026166373
0.979922769873 -0.0511231421456 0.192710533896
0.0415902663214 0.997717216164 0.0531950922983
-0.194990406524 -0.0441122488794 0.979812623394
0.254321748695
0 0 0

00000017.jpg
D:\Automated-3D-Modeling-Project\Demonstration-for-regular-meeting\7.27\1time-60frame\images\1-29.jpg
2566.7578125
234 540
11.8749507802 0.984108828253 8.42744980924
-10.1924848435 -0.00620618519815 -10.4459532352
-0.0494417810432 0.180156298279 0.0460694726777
0.995375672994 -0.0246827729338 0.0899392560136 0.0229992186627
0.982763869465 -0.0502257023303 0.177911637562
0.0413457486886 0.997723680431 0.0532743006727
-0.180181752371 -0.0450002262088 0.982603371661
0.241988746906
0 0 0

00000018.jpg
D:\Automated-3D-Modeling-Project\Demonstration-for-regular-meeting\7.27\1time-60frame\images\1-30.jpg
2566.08032227
250.5 540
12.57909112 1.02912686855 8.42638972875
-11.0758505776 -0.00682991574056 -10.3740975782
-0.0499990136934 0.162062720076 0.046472962914
0.99613710548 -0.0249673083966 0.080926994611 0.0232065537191
0.985825022437 -0.0502748844826 0.160070197584
0.0421927525169 0.997676463656 0.0534978773674
-0.162387331084 -0.0459855719038 0.985655045561
0.28933587414
0 0 0

00000019.jpg
D:\Automated-3D-Modeling-Project\Demonstration-for-regular-meeting\7.27\1time-60frame\images\1-31.jpg
2562.02514648
256.5 540
13.2530995324 1.03953199629 8.3950470409
-11.9461323637 -0.00344676875162 -10.2221543891
-0.0505720160429 0.142617999189 0.0446981643295
0.996889470064 -0.0252597849524 0.0712350479917 0.0223259048596
0.988853653307 -0.048111634168 0.140898745652
0.0409142036886 0.997726441009 0.0535431720471
-0.143155131318 -0.0471816824934 0.988574367781
0.293107116434
0 0 0

00000020.jpg
D:\Automated-3D-Modeling-Project\Demonstration-for-regular-meeting\7.27\1time-60frame\images\1-32.jpg
2553.84130859
255 540
13.9517897515 1.07533315772 8.28329301727
-12.817656687 -0.0109658689504 -10.0064407958
-0.0510727550628 0.126447106734 0.0444902026082
0.997429100092 -0.0255144899548 0.0631693635991 0.0222260347251
0.991031754952 -0.0475613041183 0.124880217371
0.0411142711397 0.997710083197 0.0537057879277
-0.127147628581 -0.0480897910919 0.99071740069
0.270510216065
0 0 0

00000021.jpg
D:\Automated-3D-Modeling-Project\Demonstration-for-regular-meeting\7.27\1time-60frame\images\1-33.jpg
2553.22753906
252 540
14.6620727032 1.07975248887 8.28687914234
-13.6760289911 -0.0025234611886 -9.88841493828
-0.0517438924476 0.110896022187 0.0427331821637
0.997900595939 -0.0258538384656 0.0554092030669 0.0213516366187
0.992948033948 -0.0454786570833 0.10948179002
0.0397485865411 0.997751775366 0.0539653607205
-0.111689717024 -0.0492328825279 0.99252258819
0.282669710279
0 0 0

00000022.jpg
D:\Automated-3D-Modeling-Project\Demonstration-for-regular-meeting\7.27\1time-60frame\images\1-34.jpg
2550.36157227
262.5 540
15.3292972735 1.11453817175 8.37374366633
-14.5515091738 0.00608831943126 -9.72637880047
-0.0525456305954 0.0884923879624 0.0430994001323
0.998444273716 -0.0262591894477 0.0442232466116 0.0215385237617
0.995161022453 -0.0453325847432 0.0871780283381
0.0406874781137 0.99769354134 0.0543417286681
-0.0894397610398 -0.0505316206778 0.994709307074
0.272551788253
0 0 0

00000023.jpg
D:\Automated-3D-Modeling-Project\Demonstration-for-regular-meeting\7.27\1time-60frame\images\1-35.jpg
2547.03417969
243 540
16.0519324576 1.14017009198 8.36743811841
-15.4107923981 -0.00112798552953 -9.56482242159
-0.0528526253819 0.0741336982932 0.0422215215832
0.998741406391 -0.0264152250977 0.0370512971416 0.0211019034254
0.996363922041 -0.0441081345823 0.0728946785144
0.0401932442361 0.997714514904 0.0543277144952
-0.0751239799487 -0.0512002017614 0.995859150411
0.276078917051
0 0 0

00000024.jpg
D:\Automated-3D-Modeling-Project\Demonstration-for-regular-meeting\7.27\1time-60frame\images\1-36.jpg
2542.51953125
261 540
16.7393059705 1.14983589121 8.43131696214
-16.2682319814 0.0100381720445 -9.37857060011
-0.0534766547611 0.0555136353819 0.041380247109
0.999043662671 -0.0267298032168 0.0277479688331 0.0206835275547
0.997605192724 -0.0428110001375 0.0543370143473
0.0398439883634 0.997715236315 0.0545562756265
-0.0565487153113 -0.0522606864062 0.99703253065
0.241415522389
0 0 0

00000025.jpg
D:\Automated-3D-Modeling-Project\Demonstration-for-regular-meeting\7.27\1time-60frame\images\1-37.jpg
2533.92993164
259.5 540
17.4021963131 1.18710845035 8.47346977004
-17.1251555821 -0.00163109535363 -9.09801683849
-0.0537650602271 0.0343090478757 0.041274175091
0.999278688077 -0.0268760662395 0.0171503991519 0.0206321253811
0.998560682517 -0.0421564936851 0.0331674510412
0.0403124790471 0.997703517878 0.0544210495528
-0.0353846624169 -0.0530056712971 0.997967385381
0.211053904363
0 0 0

00000026.jpg
D:\Automated-3D-Modeling-Project\Demonstration-for-regular-meeting\7.27\1time-60frame\images\1-38.jpg
2535.58374023
250.5 540
18.1096625948 1.21868738807 8.58952321865
-17.9661280213 0.00862223079723 -8.96900521376
-0.0542808973732 0.0192080196828 0.0415929456726
0.999369340489 -0.027134742986 0.00960199080313 0.0207921008214
0.998951516886 -0.0420792022486 0.0180632004201
0.0410367500922 0.997662144498 0.0546345936833
-0.0203205404451 -0.0538359271256 0.998342653455
0.255567881317
0 0 0

00000027.jpg
D:\Automated-3D-Modeling-Project\Demonstration-for-regular-meeting\7.27\1time-60frame\images\1-39.jpg
2531.55273438
262.5 540
18.8021979387 1.2534588239 8.68093618979
-18.8182011686 0.00421802617596 -8.73653967509
-0.0547640256153 0.00113624601778 0.0414804400092
0.999410064075 -0.0273766280515 0.000568011285771 0.0207361413772
0.999140290356 -0.0414789259496 5.55111512313e-017
0.0414167075803 0.997641478225 0.0547446683202
-0.00227070478203 -0.0546972420603 0.998500136118
0.264275486538
0 0 0

00000028.jpg
D:\Automated-3D-Modeling-Project\Demonstration-for-regular-meeting\7.27\1time-60frame\images\1-40.jpg
2529.06738281
273 540
19.4555409416 1.28236885791 8.8775721084
-19.6651236831 0.00609072654168 -8.50039260369
-0.0554132353713 -0.021082523992 0.0412271516421
0.999348189779 -0.0277005976051 -0.0105389715957 0.0206090969132
0.998928630811 -0.0406075437341 -0.0222062053106
0.0417751110388 0.997615323271 0.054930678659
0.0199222034345 -0.055799489631 0.998243263576
0.283472780211
0 0 0

00000029.jpg
D:\Automated-3D-Modeling-Project\Demonstration-for-regular-meeting\7.27\1time-60frame\images\1-41.jpg
2521.19213867
264 540
20.1711602234 1.31871737311 8.89013198277
-20.5107756733 -0.00666195707356 -8.18271321259
-0.0558082653156 -0.0365784460986 0.0410493212787
0.999232927265 -0.0278969974597 -0.018284546422 0.0205194124017
0.998489690836 -0.0399872887249 -0.0376857206059
0.0420274013549 0.997601708926 0.0550009245508
0.0353963627739 -0.0565014691837 0.997774371961
0.300403218077
0 0 0

00000030.jpg
D:\Automated-3D-Modeling-Project\Demonstration-for-regular-meeting\7.27\1time-60frame\images\1-42.jpg
2522.94555664
285 540
20.8295138824 1.35468183038 9.19007050233
-21.3492278138 -1.11022302463e-016 -8.02317164216
-0.0563910098059 -0.0571049983795 0.041178507887
0.998983231396 -0.0281859481537 -0.0285428214387 0.0205822753014
0.997524002154 -0.0395138086708 -0.0581881218745
0.0427315828894 0.997564177626 0.0551397317865
0.0558670781017 -0.0574894264796 0.996781806664
0.3501855307
0 0 0

00000031.jpg
D:\Automated-3D-Modeling-Project\Demonstration-for-regular-meeting\7.27\1time-60frame\images\1-43.jpg
2516.69384766
277.5 540
21.5056650031 1.36385655612 9.35668569987
-22.1855695276 -0.0107602717976 -7.72670381721
-0.0567244850032 -0.0763326508514 0.0397048718777
0.998672599222 -0.0283496920365 -0.0381494365941 0.019843651115
0.996301688748 -0.0374716503227 -0.0773230334842
0.0417975922253 0.997604384665 0.0551100033686
0.075072154525 -0.0581382391641 0.995481768331
0.336763835407
0 0 0

00000032.jpg
D:\Automated-3D-Modeling-Project\Demonstration-for-regular-meeting\7.27\1time-60frame\images\1-44.jpg
2511.10498047
279 540
22.1904865919 1.41413706925 9.50489645607
-23.0188876691 -0.0199212710869 -7.4088167963
-0.0567212736444 -0.0944198540612 0.0403869606688
0.998280099546 -0.0283443757998 -0.0471828584677 0.0201819020811
0.994732840785 -0.0376197212945 -0.0953468708588
0.0429690435797 0.997579039135 0.054686794196
0.0930599637331 -0.058495710984 0.993940748676
0.368611300779
0 0 0

00000033.jpg
D:\Automated-3D-Modeling-Project\Demonstration-for-regular-meeting\7.27\1time-60frame\images\1-45.jpg
2504.80810547
303 540
22.8510277258 1.47758140851 9.7437360833
-23.8558167986 -0.0386834670697 -7.08459976243
-0.0568217943784 -0.115535983216 0.0410474762331
0.997718103427 -0.028389283657 -0.0577240447261 0.0205081247245
0.992494577496 -0.037645147252 -0.116348822986
0.0442001619679 0.997547095056 0.0542813814229
0.114020474719 -0.0590166275687 0.991723983074
0.38519100646
0 0 0

00000034.jpg
D:\Automated-3D-Modeling-Project\Demonstration-for-regular-meeting\7.27\1time-60frame\images\1-46.jpg
2499.49755859
285 540
23.5143466177 1.53140218014 9.93349341615
-24.6602038797 -0.0485248669995 -6.76875062273
-0.0570527850681 -0.133008151391 0.0416659600516
0.99716605194 -0.0284994400012 -0.066441240786 0.0208132964441
0.990304086028 -0.0377215491985 -0.133691380286
0.0452957013734 0.997509383976 0.0540715649911
0.131320418756 -0.0596031312828 0.989547070559
0.356898984546
0 0 0

00000035.jpg
D:\Automated-3D-Modeling-Project\Demonstration-for-regular-meeting\7.27\1time-60frame\images\1-47.jpg
2496.41601563
286.5 540
24.1584197788 1.55232674171 10.1930204471
-25.4629521531 -0.0550899209735 -6.44763528238
-0.0577430027547 -0.152473226391 0.0408399557882
0.996470886071 -0.028837529774 -0.0761469095131 0.0203959507616
0.987570888507 -0.0362561066804 -0.152932527021
0.0450397778303 0.997505718049 0.0543654390024
0.150580186555 -0.0605775963813 0.98674030059
0.369620718175
0 0 0

00000036.jpg
D:\Automated-3D-Modeling-Project\Demonstration-for-regular-meeting\7.27\1time-60frame\images\1-48.jpg
2490.71362305
289.5 540
24.7951052994 1.55038712523 10.4854172258
-26.2614922349 -0.0579385326594 -6.12172978965
-0.0581826144905 -0.17227424578 0.0393687705265
0.995676459125 -0.0290493693296 -0.0860129479481 0.0196560083298
0.984430523881 -0.0341447953533 -0.172423644332
0.0441393037442 0.997540112333 0.0544661629603
0.170140625475 -0.0612289298153 0.983515808809
0.359129629743
0 0 0

00000037.jpg
D:\Automated-3D-Modeling-Project\Demonstration-for-regular-meeting\7.27\1time-60frame\images\1-49.jpg
2488.97998047
310.5 540
25.421540897 1.60611411255 10.8596196373
-27.0711142763 -0.0676613626063 -5.82376720374
-0.0579987801506 -0.193042450686 0.039976282246
0.994726074458 -0.0289483919204 -0.09635148369 0.0199529900969
0.980636191665 -0.0341172092271 -0.19284168733
0.045273828824 0.997527368319 0.0537464920567
0.190531645227 -0.0614363889706 0.979756292842
0.401794140346
0 0 0

00000038.jpg
D:\Automated-3D-Modeling-Project\Demonstration-for-regular-meeting\7.27\1time-60frame\images\1-50.jpg
2483.40087891
313.5 540
26.0358551086 1.67148460297 11.1693126647
-27.8492585101 -0.0846542377489 -5.46127612395
-0.0578898003687 -0.212856643921 0.0407830665572
0.993716331132 -0.0288842480264 -0.106205308326 0.0203488041453
0.976612074101 -0.034306586412 -0.212251272947
0.0465771695808 0.997503800217 0.0530832055005
0.209900524399 -0.0617277904046 0.975772712717
0.366311282621
0 0 0

00000039.jpg
D:\Automated-3D-Modeling-Project\Demonstration-for-regular-meeting\7.27\1time-60frame\images\1-51.jpg
2479.94750977
319.5 540
26.6527030049 1.72064016085 11.568207786
-28.6461684815 -0.0972308248734 -5.15149099677
-0.0578307040162 -0.23282843602 0.0409387890307
0.992605551154 -0.0288440457817 -0.11612713665 0.020418916303
0.972195263695 -0.0338367769313 -0.231714728572
0.0472349417521 0.997502680557 0.0525191741447
0.229359033339 -0.0620038656977 0.971365176472
0.339519986971
0 0 0

00000040.jpg
D:\Automated-3D-Modeling-Project\Demonstration-for-regular-meeting\7.27\1time-60frame\images\1-52.jpg
2485.93847656
285 540
27.3142304845 1.77308161527 11.9967366851
-29.4665521416 -0.102838282197 -4.98440899861
-0.0576646283125 -0.247535540165 0.0412604554722
0.991723868372 -0.0287527301749 -0.123426141872 0.0205732834461
0.968685593573 -0.0337084244207 -0.245992564269
0.0479036405564 0.997500414515 0.0519510465531
0.243626039232 -0.0621080286282 0.967878916304
0.362492810582
0 0 0

00000041.jpg
D:\Automated-3D-Modeling-Project\Demonstration-for-regular-meeting\7.27\1time-60frame\images\1-53.jpg
2483.55957031
297 540
27.8621128354 1.79596186656 12.5152261699
-30.2425115938 -0.116854875402 -4.64007270217
-0.0578998850531 -0.271197980069 0.040322432083
0.990200342411 -0.0288553140927 -0.135155758755 0.020095315244
0.962658366523 -0.0319968888648 -0.268822292804
0.0475966632772 0.997528076607 0.0517132428458
0.266502821588 -0.0625769247339 0.961800429316
0.348055518376
0 0 0

00000042.jpg
D:\Automated-3D-Modeling-Project\Demonstration-for-regular-meeting\7.27\1time-60frame\images\1-54.jpg
2483.84228516
306 540
28.4524674529 1.82959140148 12.9811876365
-31.0235504801 -0.126498359536 -4.35031248394
-0.0580300647497 -0.289982184397 0.0399341651282
0.988889161075 -0.0289074921148 -0.144453702491 0.0198930772959
0.95747472628 -0.0309925522846 -0.286847795164
0.0476956417889 0.997537072941 0.0514253742194
0.284547007518 -0.0629198482854 0.956595292344
0.331712930261
0 0 0

00000043.jpg
D:\Automated-3D-Modeling-Project\Demonstration-for-regular-meeting\7.27\1time-60frame\images\1-55.jpg
2482.58325195
291 540
29.0417435628 1.87208278902 13.4416269794
-31.7984865817 -0.150337553326 -4.05439602237
-0.0579186692195 -0.307942932784 0.0394718249112
0.987558179919 -0.0288391324172 -0.153332373398 0.0196539941387
0.952206273217 -0.0299749848062 -0.303983248417
0.0476628659128 0.997563750245 0.0509334786757
0.301715309965 -0.0629878058056 0.951314611438
0.322389805674
0 0 0

00000044.jpg
D:\Automated-3D-Modeling-Project\Demonstration-for-regular-meeting\7.27\1time-60frame\images\1-56.jpg
2480.82836914
307.5 540
29.5876645571 1.88892997135 13.9267561817
-32.546283195 -0.163980292675 -3.69651634474
-0.0580118747307 -0.328120192106 0.0385479418701
0.985968749917 -0.0288701468509 -0.163292053133 0.0191837403593
0.945936049899 -0.0284006620546 -0.323109854528
0.0472576119486 0.997596772696 0.0506650374371
0.320893591466 -0.063195212965 0.945004680654
0.336209610135
0 0 0

00000045.jpg
D:\Automated-3D-Modeling-Project\Demonstration-for-regular-meeting\7.27\1time-60frame\images\1-57.jpg
2479.43969727
277.5 540
30.1747448463 1.93518352705 14.3469171081
-33.2993188516 -0.185171398637 -3.34903826325
-0.0576942258684 -0.344877978146 0.0384866126702
0.984570939684 -0.0286985984841 -0.171551216293 0.0191442354484
0.940407141624 -0.0278511760524 -0.338907794576
0.0475442554873 0.997619525492 0.049943174137
0.336709574342 -0.0630800501714 0.939493073962
0.320199611735
0 0 0

00000046.jpg
D:\Automated-3D-Modeling-Project\Demonstration-for-regular-meeting\7.27\1time-60frame\images\1-58.jpg
2478.90234375
294 540
30.7000912295 1.99651691406 14.9246037032
-34.0585520345 -0.205492485374 -3.032624203
-0.0575139082629 -0.364992885809 0.0387279320163
0.982796217283 -0.0285918547514 -0.181448694612 0.0192527936368
0.933412374341 -0.0274673362111 -0.357755622777
0.0482189548223 0.997623263686 0.0492131692855
0.355552740003 -0.0631866974935 0.932517980796
0.301961926474
0 0 0

00000047.jpg
D:\Automated-3D-Modeling-Project\Demonstration-for-regular-meeting\7.27\1time-60frame\images\1-59.jpg
2475.94238281
268.5 540
31.240350119 2.0281252169 15.4019698165
-34.7884156106 -0.223180450583 -2.64767363709
-0.0573397701803 -0.383383332133 0.0383040224349
0.981092672268 -0.0284889659963 -0.190482010625 0.019031153931
0.926708803341 -0.0264894213604 -0.374845655729
0.0481958813057 0.997652183472 0.0486504082979
0.372676363563 -0.06315085482 0.925810339501
0.296321843754
0 0 0

00000048.jpg
D:\Automated-3D-Modeling-Project\Demonstration-for-regular-meeting\7.27\1time-60frame\images\1-60.jpg
2472.36010742
307.5 540
31.7455257095 2.0701143539 15.8900000444
-35.4907057829 -0.249677524538 -2.21433976759
-0.0571099818239 -0.403081394455 0.0380163785485
0.979174956628 -0.0283564947017 -0.200139713955 0.0188760563821
0.919175513557 -0.0256155146773 -0.39301393556
0.0483163320798 0.997678747068 0.0479762271586
0.390873247367 -0.0630876507201 0.918280122125
0.304298003299
0 0 0

00000049.jpg
D:\Automated-3D-Modeling-Project\Demonstration-for-regular-meeting\7.27\1time-60frame\images\1-61.jpg
2468.53979492
298.5 540
32.2084112137 2.08612743057 16.480287181
-36.1949985018 -0.26956477148 -1.78381625892
-0.057101266942 -0.42501211689 0.037044275102
0.976930799304 -0.0283307471874 -0.21086941639 0.0183794869862
0.910393145401 -0.0239627760024 -0.413051398245
0.0478591716466 0.997718760018 0.0476029717504
0.410967911766 -0.0631057462283 0.909463241098
0.323048120271
0 0 0

00000050.jpg
D:\Automated-3D-Modeling-Project\Demonstration-for-regular-meeting\7.27\1time-60frame\images\1-62.jpg
2470.00292969
279 540
32.8057198914 2.08648314012 16.8856019838
-36.9253572806 -0.278650492981 -1.46028472237
-0.0571008714221 -0.437123250657 0.0359805677392
0.975645504896 -0.0283182800425 -0.216784408309 0.0178439972622
0.905372165419 -0.0225409362608 -0.424019875158
0.0470967266123 0.997759154053 0.0475205978601
0.421999058837 -0.0629938126592 0.904405285423
0.311918872032
0 0 0

00000051.jpg
D:\Automated-3D-Modeling-Project\Demonstration-for-regular-meeting\7.27\1time-60frame\images\1-63.jpg
2464.49023438
321 540
33.2565394725 2.13293325919 17.4217362751
-37.5906736085 -0.300296639848 -0.957934587449
-0.057039733794 -0.458384352985 0.0360083597988
0.973286313542 -0.0282654547942 -0.227147662618 0.0178435732148
0.896170166185 -0.021892876094 -0.443168448723
0.0475747462845 0.997764901478 0.0469145314545
0.441150395993 -0.0631269897344 0.895209924852
0.319245642151
0 0 0

00000052.jpg
D:\Automated-3D-Modeling-Project\Demonstration-for-regular-meeting\7.27\1time-60frame\images\1-64.jpg
2463.77026367
310.5 540
33.651809271 2.17213737937 18.1547378322
-38.2925274912 -0.329095645052 -0.575717744703
-0.0569509160545 -0.481020194121 0.0353971595976
0.970659996334 -0.0281964194465 -0.238153274702 0.0175251467119
0.885951639996 -0.0205917800732 -0.463320084737
0.0474520552992 0.997795600439 0.0463908934662
0.461343342261 -0.0630856521201 0.884976073496
0.311750920647
0 0 0

00000053.jpg
D:\Automated-3D-Modeling-Project\Demonstration-for-regular-meeting\7.27\1time-60frame\images\1-65.jpg
2461.28149414
306 540
34.1436303421 2.1695494483 18.6532996002
-38.9653576224 -0.346731614351 -0.149302623961
-0.057122091596 -0.497496797514 0.0341234146009
0.968673559043 -0.0282621796186 -0.246145465934 0.0168831715665
0.878254163895 -0.0187953182395 -0.477823526904
0.0466218093174 0.997832390373 0.0464421822356
0.475914891212 -0.0630651222343 0.877227301692
0.299323368649
0 0 0

00000054.jpg
D:\Automated-3D-Modeling-Project\Demonstration-for-regular-meeting\7.27\1time-60frame\images\1-66.jpg
2459.1796875
330 540
34.5555311444 2.15585530086 19.2630035323
-39.6180170431 -0.363915492314 0.273671290464
-0.0575079686366 -0.516767970803 0.0324969443534
0.966264912725 -0.0284299118339 -0.255471862367 0.0160653433731
0.868952621652 -0.0165206714836 -0.494620748073
0.0455728389658 0.997867165016 0.0467331833983
0.492793239102 -0.0631501217096 0.867851739588
0.293316507107
0 0 0

00000055.jpg
D:\Automated-3D-Modeling-Project\Demonstration-for-regular-meeting\7.27\1time-60frame\images\1-67.jpg
2460.23535156
297 540
34.9698041485 2.15775929706 19.9311719004
-40.301689341 -0.383621633664 0.649568971042
-0.0577926238133 -0.53546436696 0.0311866366534
0.963840623654 -0.0285471741259 -0.26449732705 0.0154049130876
0.859607589886 -0.0145944602688 -0.510746158183
0.0447970638819 0.997895273739 0.046880733825
0.508986916453 -0.0631789706274 0.858452127597
0.29817441945
0 0 0

00000056.jpg
D:\Automated-3D-Modeling-Project\Demonstration-for-regular-meeting\7.27\1time-60frame\images\1-68.jpg
2461.24023438
298 540
35.5482244821 2.14493000236 20.2922108925
-40.9735858975 -0.395060303011 1.02917996312
-0.0580341201756 -0.545120977978 0.0299715159198
0.962558111383 -0.0286539967832 -0.269150194784 0.0147982552015
0.854678620701 -0.013063918549 -0.518993428605
0.043912803765 0.997919740797 0.0471963229266
0.517297384075 -0.063128225182 0.853474109657
0.309850154954
0 0 0

00000057.jpg
D:\Automated-3D-Modeling-Project\Demonstration-for-regular-meeting\7.27\1time-60frame\images\1-69.jpg
2460.81152344
294 540
36.1324314597 2.14371603009 20.5950651774
-41.6173468488 -0.412912749235 1.45908788558
-0.0582285095509 -0.554417206604 0.029028938059
0.961300881702 -0.0287377114738 -0.273623382126 0.0143267490919
0.84985064327 -0.011818091654 -0.526892394446
0.0432711744819 0.997937825748 0.0474109193546
0.525245199523 -0.0630914301568 0.848609071624
0.311578402311
0 0 0

00000058.jpg
D:\Automated-3D-Modeling-Project\Demonstration-for-regular-meeting\7.27\1time-60frame\images\1-70.jpg
2458.78588867
278 540
36.6023271906 2.15320340225 21.0814910449
-42.2498538396 -0.444351206294 1.88366549106
-0.0582706385765 -0.56843171886 0.0279675187433
0.959366728032 -0.0287396187149 -0.280355789203 0.0137938393112
0.842420827598 -0.010351986018 -0.538721060316
0.0425814159299 0.997967652099 0.047409334378
0.537135004375 -0.0628780015075 0.841149595718
0.306315540641
0 0 0

00000059.jpg
D:\Automated-3D-Modeling-Project\Demonstration-for-regular-meeting\7.27\1time-60frame\images\1-71.jpg
2459.03222656
263.5 540
37.0821287107 2.14108827767 21.5789941838
-42.8930967739 -0.456282237828 2.30125372878
-0.0586580481737 -0.581937536183 0.0267832148518
0.957453971134 -0.0289118876897 -0.286830421611 0.0132011433022
0.835107957251 -0.00869325456235 -0.550017082216
0.0418646937503 0.997979681296 0.0477906819585
0.548490622639 -0.0629365247675 0.83378478881
0.309483769283
0 0 0

00000060.jpg
D:\Automated-3D-Modeling-Project\Demonstration-for-regular-meeting\7.27\1time-60frame\images\1-72.jpg
2460.46630859
255.5 540
37.6087072461 2.1490769452 22.0283046711
-43.5528332723 -0.486119832038 2.68208755194
-0.0586155133069 -0.592681492663 0.0257861231222
0.95590639237 -0.0288757153476 -0.291972228995 0.0127029980492
0.829181816704 -0.0074239202849 -0.558929832312
0.0411475878653 0.998009455436 0.0477871340982
0.557462648051 -0.0626227894418 0.827836851758
0.315849513684
0 0 0

00000061.jpg
D:\Automated-3D-Modeling-Project\Demonstration-for-regular-meeting\7.27\1time-60frame\images\1-73.jpg
2461.3737793
227 540
37.9458148279 2.12909740162 22.7629581772
-44.1892481063 -0.508874065185 3.10198735308
-0.0591463371161 -0.611733948322 0.0240428679951
0.953084604054 -0.0291092267009 -0.301068553872 0.0118328425585
0.818435362187 -0.00502758487575 -0.57457679672
0.0400832153832 0.998025190957 0.0483621842558
0.573198417119 -0.0626120389623 0.817020496794
0.336561749635
0 0 0

00000062.jpg
D:\Automated-3D-Modeling-Project\Demonstration-for-regular-meeting\7.27\1time-60frame\images\1-74.jpg
2461.88720703
228 540
38.5399488062 2.14420586115 23.054803122
-44.8197870139 -0.529842201532 3.51505263439
-0.0591197079401 -0.618687933873 0.0236179668032
0.95203488224 -0.0290857112284 -0.304382061619 0.0116195662356
0.814432997682 -0.00441814448751 -0.580240595115
0.0398307850035 0.998037555748 0.0483076279972
0.578888765641 -0.0624548186595 0.813011114578
0.338714115509
0 0 0

00000063.jpg
D:\Automated-3D-Modeling-Project\Demonstration-for-regular-meeting\7.27\1time-60frame\images\1-75.jpg
2462.07592773
209.5 540
38.9478634655 2.12104430817 23.6326783419
-45.4308889736 -0.55224665598 3.95832655255
-0.0595034143397 -0.633615556525 0.0220453140551
0.949739812438 -0.0292515746233 -0.311482171903 0.0108373638107
0.805722695751 -0.00236265538641 -0.592288147223
0.0388080481051 0.998053776587 0.0488114546948
0.59101993086 -0.0623140852901 0.804246372978
0.355389416982
0 0 0

00000064.jpg
D:\Automated-3D-Modeling-Project\Demonstration-for-regular-meeting\7.27\1time-60frame\images\1-10.jpg
2686.38598633
195 488
-0.529907554961 0.638281632725 13.7020055563
6.80499116127 -0.00576978202536 -11.9216261421
-0.0648872526138 0.481431284238 0.0576629762227
0.97023488981 -0.0321210869496 0.238322559799 0.0285448589425
0.8847748686 -0.070700785915 0.460623866934
0.0400800863678 0.996306779935 0.0759357643381
-0.46429158325 -0.0487242326905 0.884341317083
0.220211703182
0 0 0

00000065.jpg
D:\Automated-3D-Modeling-Project\Demonstration-for-regular-meeting\7.27\1time-60frame\images\1-11.jpg
2686.17407227
193.5 444
0.0708984068854 0.84121917923 13.4180209153
5.96475352901 0.000772726357322 -12.0489674052
-0.0773924773895 0.46679078908 0.0541103080817
0.971782406682 -0.0383315777855 0.231195951399 0.0268001949698
0.891660582617 -0.0698120937551 0.447289787318
0.0343637381139 0.995625157762 0.0868920728231
-0.451398844944 -0.0621077388262 0.890158443367
0.216684129375
0 0 0

00000066.jpg
D:\Automated-3D-Modeling-Project\Demonstration-for-regular-meeting\7.27\1time-60frame\images\1-9.jpg
2694.6965332
211 516.5
-1.19875127808 0.449442052566 14.1837440268
7.71769309341 0.011557115158 -11.9689025358
-0.0549684164668 0.489271930024 0.0599511445779
0.969407049606 -0.0272033580625 0.242136127578 0.0296692638617
0.88097995615 -0.0706970159534 0.467842776279
0.0443493582231 0.99675987871 0.0671102847165
-0.471071099876 -0.0383742235985 0.881260276444
0.16320781184
0 0 0

00000067.jpg
D:\Automated-3D-Modeling-Project\Demonstration-for-regular-meeting\7.27\1time-60frame\images\1-8.jpg
2697.96728516
194 504
-1.79934613654 0.525335024816 14.6024920317
8.61012789241 -0.0378268121624 -11.9419661864
-0.0588920860821 0.503229738234 0.0585496893052
0.967658768875 -0.0291279128624 0.248896463688 0.028958564073
0.874423727566 -0.0705436884856 0.480006587135
0.0415443453513 0.996625772362 0.0707871687473
-0.483380795382 -0.0419563524539 0.874404471992
0.175095633562
0 0 0

00000068.jpg
D:\Automated-3D-Modeling-Project\Demonstration-for-regular-meeting\7.27\1time-60frame\images\1-6.jpg
2726.73510742
177 471
-3.06248603217 0.577735589402 15.8788194447
10.5975914201 4.82952551122e-005 -12.2286790681
-0.0683937631128 0.524639837565 0.058141748495
0.96479529619 -0.0337946347106 0.259234334509 0.028728922966
0.863944002078 -0.0729565131264 0.498274257939
0.0379136058424 0.996064978042 0.0801048578625
-0.502158008242 -0.0503147605583 0.863310874079
0.110437069801
0 0 0

00000069.jpg
D:\Automated-3D-Modeling-Project\Demonstration-for-regular-meeting\7.27\1time-60frame\images\1-7.jpg
2708.76513672
175.5 486
-2.37726873176 0.561730469423 15.0875749823
9.52340176671 -0.00345930746204 -11.9543535969
-0.066079816285 0.517548576928 0.0584966101156
0.965741842735 -0.0326617438863 0.25581244045 0.0289135382818
0.867447926112 -0.0725565316797 0.492208744536
0.0391355232814 0.996194682115 0.0778785427201
-0.495986366002 -0.0482927081907 0.86698661901
0.156327533151
0 0 0

00000070.jpg
D:\Automated-3D-Modeling-Project\Demonstration-for-regular-meeting\7.27\1time-60frame\images\1-5.jpg
2717.30151367
171.5 483.5
-3.73100718434 0.50283803847 15.9319742541
11.3218090615 2.22044604925e-016 -11.8244677856
-0.0668745737867 0.534562262678 0.0581455067793
0.963522622739 -0.0330297213302 0.264023253833 0.0287183869261
0.858933897768 -0.0727829321334 0.506887794977
0.0379003298341 0.996168616404 0.078814400201
-0.510681717014 -0.0484851346966 0.858400863949
0.177935020284
0 0 0

00000071.jpg
D:\Automated-3D-Modeling-Project\Demonstration-for-regular-meeting\7.27\1time-60frame\images\1-4.jpg
2726.94897461
160 515
-4.31330029096 0.268861673052 16.4241283738
12.2027852288 0.0190682654438 -11.8118749427
-0.0562263921291 0.545136026962 0.062146779368
0.962215775092 -0.0277582176003 0.269126363708 0.0306810335775
0.853259495933 -0.0739845231468 0.516211977814
0.0441025748707 0.996576058172 0.0699329194611
-0.519618552799 -0.0369046599926 0.853601237241
0.116266988229
0 0 0

00000072.jpg
D:\Automated-3D-Modeling-Project\Demonstration-for-regular-meeting\7.27\1time-60frame\images\1-3.jpg
2718.68920898
141.5 497.5
-4.88795612633 0.358281537706 16.6593659613
12.9847626198 -0.0075499557536 -11.5304279208
-0.0618814530529 0.559784805551 0.0594095787865
0.960177479577 -0.0305289131147 0.276167104172 0.0293094259988
0.845745381957 -0.0731466434386 0.528549260354
0.0394223596949 0.996418257808 0.0748149689174
-0.53212847575 -0.0424377304774 0.845599529381
0.167794824775
0 0 0

00000073.jpg
D:\Automated-3D-Modeling-Project\Demonstration-for-regular-meeting\7.27\1time-60frame\images\1-2.jpg
2742.27758789
132.5 480
-5.47755165248 0.432987526511 17.5230415375
14.0661366402 0.0171086691316 -11.806421885
-0.0684259265856 0.57013615317 0.0579128440455
0.958651709451 -0.0337401012989 0.281128112136 0.0285562113969
0.840302992098 -0.0737214990041 0.537080907197
0.0357803444801 0.996092336663 0.0807459333993
-0.540934873896 -0.0486340897497 0.839657071371
0.0559810898228
0 0 0

00000074.jpg
D:\Automated-3D-Modeling-Project\Demonstration-for-regular-meeting\7.27\1time-60frame\images\1-1.jpg
2741.07202148
123.5 498
-6.07359253649 0.286434339151 17.8090732811
14.8425381666 -0.00054476624015 -11.5686065426
-0.0620409895387 0.580343679342 0.0605915635776
0.957267975203 -0.0305773668475 0.2860267335 0.0298630063954
0.83459386623 -0.0746656529512 0.545782193276
0.0396819457114 0.996346459667 0.0756246963504
-0.549434734851 -0.0414582398462 0.834507579503
0.121678332012
0 0 0

00000075.jpg
D:\Automated-3D-Modeling-Project\Demonstration-for-regular-meeting\7.27\1time-60frame\images\1-0.jpg
2752.44238281
76.5 540
-7.68006853907 -0.0849576125661 19.3067386238
17.4526941567 -0.0549401382284 -11.2756883192
-0.0458777956826 0.618198079744 0.066595469778
0.95180361971 -0.0225691759998 0.304117080102 0.0327610526148
0.812878995925 -0.0760915490868 0.577440619066
0.0486368047704 0.996834485395 0.0628892375665
-0.580398331561 -0.0230364560756 0.814007040655
0.0673371308125
0 0 0

00000076.jpg
D:\Automated-3D-Modeling-Project\Demonstration-for-regular-meeting\7.27\1time-60frame\images\1-76.jpg
2457.12768555
83 518.5
40.4235744275 1.80355855611 26.9825017854
-48.2166638757 -0.661687935431 6.33160281767
-0.0535827718929 -0.720193777536 0.0121507927759
0.935493468372 -0.0262127966338 -0.352320202195 0.00594419155117
0.751670245879 0.00734909367913 -0.659498100281
0.0295921031626 0.998555125045 0.0448552795777
0.658874891434 -0.0532323205771 0.750366746539
0.360939559337
0 0 0

