# Camera parameter file. 

# The format of each camera is as follows:
# Filename (of the undistorted image in visualize folder)
# Original filename
# Focal Length (of the undistorted image)
# 2-vec Principal Point (image center)
# 3-vec Translation T (as in P = K[R T])
# 3-vec Camera Position C (as in P = K[R -RC])
# 3-vec Axis Angle format of R
# 4-vec Quaternion format of R
# 3x3 Matrix format of R
# [Normalized radial distortion] = [radial distortion] * [focal length]^2
# 3-vec Lat/Lng/Alt from EXIF

# The nubmer of cameras in this reconstruction
25

00000000.jpg
D:\Automated-3D-Modeling-Project\Demonstration-for-regular-meeting\7.27\1time-20frame\images\1-11.jpg
694.838806152
261 540
0.0186660107448 0.254288325898 -1.61045696832
0.1971726484 -0.0329671392308 1.61821444008
0.14265040614 -0.143023187122 0.111447054075
0.993354214834 0.0711671289629 -0.0713531063667 0.0556000300628
0.983635201418 -0.120617164557 -0.133844048082
0.100304932274 0.983687091756 -0.149322833701
0.149671587721 0.133453836351 0.979688091337
-0.0488328617032
0 0 0

00000001.jpg
D:\Automated-3D-Modeling-Project\Demonstration-for-regular-meeting\7.27\1time-20frame\images\1-13.jpg
813.24420166
285 540
-1.15693061308 0.0638332049656 -1.06877754948
1.27001549933 -0.102952468033 0.928068084294
0.0995786293516 -0.122432237691 0.114066922191
0.995264205076 0.0497106925051 -0.0611194526395 0.0569433997131
0.986043305688 -0.11942401156 -0.115998671554
0.107270898239 0.988572966106 -0.105911283158
0.12732134223 0.091989808282 0.987587079831
-0.080287709786
0 0 0

00000002.jpg
D:\Automated-3D-Modeling-Project\Demonstration-for-regular-meeting\7.27\1time-20frame\images\1-12.jpg
782.186828613
262.5 540
-0.5399682461 0.0482391884711 -1.17127866676
0.688146380926 -2.77555756156e-017 1.09189805637
0.10381218045 -0.132905807747 0.113017662484
0.994852535447 0.0518169980383 -0.0663388433751 0.0564118388599
0.984833314896 -0.119117950367 -0.126148439003
0.105367893309 0.988264784175 -0.110585161511
0.137841027118 0.0956159259989 0.985828170068
-0.089684340303
0 0 0

00000003.jpg
D:\Automated-3D-Modeling-Project\Demonstration-for-regular-meeting\7.27\1time-20frame\images\1-14.jpg
806.62689209
303 540
-1.73229738413 0.0474360753733 -1.15843221785
1.84369603267 -0.150649030593 0.960814102109
0.0950056605807 -0.115462391236 0.113858734773
0.995587883159 0.0474329470401 -0.057646265024 0.0568456163928
0.986890647449 -0.118658283342 -0.109391340513
0.107720944223 0.989036538238 -0.101001179056
0.120176351356 0.0878934902865 0.988853746683
-0.0599562949566
0 0 0

00000004.jpg
D:\Automated-3D-Modeling-Project\Demonstration-for-regular-meeting\7.27\1time-20frame\images\1-10.jpg
682.301391602
252 540
0.530463092269 0.235533575147 -1.58436157921
-0.314232552029 0.0551830902295 1.65688879212
0.148269848357 -0.139281143916 0.116244057751
0.993145908853 0.0739654708148 -0.0694813915275 0.0579891768709
0.98361965461 -0.125461930382 -0.129431982382
0.104904924687 0.982332523664 -0.154975504966
0.146588656566 0.138858513979 0.979403006808
-0.0614112538168
0 0 0

00000005.jpg
D:\Automated-3D-Modeling-Project\Demonstration-for-regular-meeting\7.27\1time-20frame\images\1-9.jpg
664.882141113
250.5 540
1.0830535333 0.203057843452 -1.57456339788
-0.841973218609 0.164508410757 1.71973804972
0.152470519788 -0.147034128452 0.119078024875
0.992628444545 0.0760478435251 -0.0733363302556 0.0593926420371
0.982189515063 -0.129064003133 -0.136558095003
0.106755300398 0.981377525716 -0.159685713022
0.154624814718 0.142263297495 0.977677874896
-0.0721622065669
0 0 0

00000006.jpg
D:\Automated-3D-Modeling-Project\Demonstration-for-regular-meeting\7.27\1time-20frame\images\1-15.jpg
798.550109863
289.5 540
-2.30798671154 -0.000194548783241 -1.18469941188
2.41101100923 -0.172370774951 0.942137718962
0.0871174870073 -0.105712158097 0.112208733795
0.996083231349 0.0435018587997 -0.0527870526677 0.056031098478
0.988148750459 -0.116215890266 -0.100285792348
0.107030660246 0.989936263933 -0.0925782597101
0.110035399631 0.0807476286216 0.99064220071
-0.0634252133311
0 0 0

00000007.jpg
D:\Automated-3D-Modeling-Project\Demonstration-for-regular-meeting\7.27\1time-20frame\images\1-16.jpg
782.079589844
319.5 540
-2.85717846335 -0.0603600135405 -1.35850964423
2.97938689534 -0.173836769649 1.05151020467
0.0806863114225 -0.106497851156 0.113362937862
0.996164987627 0.0402915703468 -0.0531808380627 0.0566089923439
0.987935576317 -0.117069238805 -0.101392058768
0.108498345827 0.990345627868 -0.086294979349
0.110515496794 0.0742532273548 0.991097526109
0.00186834249105
0 0 0

00000008.jpg
D:\Automated-3D-Modeling-Project\Demonstration-for-regular-meeting\7.27\1time-20frame\images\1-17.jpg
777.585083008
306 540
-3.52425614573 -0.252602650992 -1.11432102294
3.62191036538 -0.0594043894218 0.777258653173
0.0609119105839 -0.0925066798637 0.103277762905
0.997134786909 0.0304268621314 -0.046209156263 0.0515895532257
0.990406727617 -0.105695372869 -0.0890141470621
0.100071579781 0.992826581548 -0.0654471764451
0.095292881672 0.0559115543058 0.99387782389
-0.0472419103243
0 0 0

00000009.jpg
D:\Automated-3D-Modeling-Project\Demonstration-for-regular-meeting\7.27\1time-20frame\images\1-18.jpg
744.914550781
277.5 540
-4.43686131306 -0.394249251204 -1.2471402275
4.52051750194 5.55111512313e-017 0.980536844265
0.048467399477 -0.0573163201902 0.0999668442538
0.998047081125 0.0242179222004 -0.0286395019778 0.0499508800325
0.993369322649 -0.101093806696 -0.0547476580653
0.0983195133683 0.993836355417 -0.0512023898469
0.0595866273502 0.0454801164054 0.997186226506
-0.0527343106285
0 0 0

00000010.jpg
D:\Automated-3D-Modeling-Project\Demonstration-for-regular-meeting\7.27\1time-20frame\images\1-19.jpg
724.004821777
307.5 540
-5.31269767384 -0.497895539618 -1.30420600948
5.38193763408 0.0316999472369 1.09882224159
0.0384218752769 -0.0364678797545 0.0957290677183
0.998503896015 0.0192013561624 -0.0182248456799 0.0478406613709
0.994757238585 -0.0962378595228 -0.0345579191684
0.0948384875443 0.994685184764 -0.0400890625089
0.0382323984942 0.0366014532389 0.998597698079
-0.0692827104595
0 0 0

00000011.jpg
D:\Automated-3D-Modeling-Project\Demonstration-for-regular-meeting\7.27\1time-20frame\images\1-20.jpg
705.524780273
321 540
-6.28748640167 -0.582886774601 -1.30863745404
6.31855179884 0.0185421461394 1.2885361721
0.0332263688853 -0.00160125798927 0.0963035658947
0.99870267151 0.0166059995686 -0.000800282738413 0.0481309582526
0.995365659832 -0.0961635587503 0
0.0961105076065 0.994815464203 -0.0332458341255
0.00319697803527 0.0330919904035 0.999446980292
-0.0537945784331
0 0 0

00000012.jpg
D:\Automated-3D-Modeling-Project\Demonstration-for-regular-meeting\7.27\1time-20frame\images\1-21.jpg
675.24609375
330 540
-6.19394042102 -0.342613831352 -2.05735139308
6.3500823147 0.00607888177232 1.54640742049
0.0318865186973 -0.080500173743 0.0627661719341
0.998570737249 0.0159356629224 -0.0402309090604 0.0313681329833
0.994795284256 -0.0639288460803 -0.0793470742276
0.0613643526369 0.997523917443 -0.0343497375503
0.0813465598552 0.0293018091417 0.996254867464
-0.0662464499636
0 0 0

00000013.jpg
D:\Automated-3D-Modeling-Project\Demonstration-for-regular-meeting\7.27\1time-20frame\images\1-22.jpg
643.449829102
294 540
-6.04291966698 -0.0927099595716 -2.23983140421
6.25705292197 -0.0366782513433 1.5460498945
0.049613138164 -0.112430043781 0.036280735872
0.997948331631 0.0247896018094 -0.056176571769 0.018127960232
0.993031095616 -0.0389667352673 -0.111223889845
0.0333963354101 0.998113658098 -0.0515142591142
0.11302137445 0.0474407079557 0.992458736707
-0.0870748292022
0 0 0

00000014.jpg
D:\Automated-3D-Modeling-Project\Demonstration-for-regular-meeting\7.27\1time-20frame\images\1-23.jpg
623.524475098
255.5 540
-5.86068368453 0.161823318469 -2.42408783801
6.15704734517 -0.0694910372285 1.5283646824
0.060317768112 -0.149903341831 0.00450514345584
0.996735543031 0.0301260594486 -0.074870094317 0.0022501200529
0.988779444956 -0.00899669428605 -0.149115825714
-2.55957547915e-005 0.99817401619 -0.0603923772504
0.149386910749 0.0597184796452 0.986973509819
-0.106303327649
0 0 0

00000015.jpg
D:\Automated-3D-Modeling-Project\Demonstration-for-regular-meeting\7.27\1time-20frame\images\1-24.jpg
601.899108887
209.5 540
-5.62531065528 0.384975799547 -2.71839853107
6.06129867324 -0.0926944852248 1.5601557111
0.0694214974786 -0.200301975172 -0.0244141356819
0.994313288778 0.0346449270929 -0.099961072268 -0.0121839197
0.979718695087 0.0173029365235 -0.199629487234
-0.031155596545 0.997302344805 -0.0664600304583
0.197941002833 0.0713316151305 0.977614625072
-0.119849382544
0 0 0

00000016.jpg
D:\Automated-3D-Modeling-Project\Demonstration-for-regular-meeting\7.27\1time-20frame\images\1-8.jpg
650.258300781
225 540
1.58306331776 0.0537379242656 -1.35196751565
-1.3719189381 0.356931942679 1.52552573647
0.151496458958 -0.132452599299 0.129101846459
0.992863310194 0.0755679463933 -0.0660686790457 0.0643972900726
0.982976194864 -0.137860808445 -0.121461558935
0.117890017911 0.980284875823 -0.158566555387
0.140927110575 0.141548010216 0.979849140228
-0.11404904406
0 0 0

00000017.jpg
D:\Automated-3D-Modeling-Project\Demonstration-for-regular-meeting\7.27\1time-20frame\images\1-7.jpg
597.513183594
228 540
2.83540668704 -0.495575683188 -0.748847023198
-2.63389891496 0.834467813514 1.10096934124
0.119472324525 -0.157323678262 0.0830427697815
0.994265394544 0.059621930774 -0.078511416696 0.0414419849189
0.984237345054 -0.0917707146173 -0.151180689632
0.0730466113271 0.989455044792 -0.125067346688
0.161064049158 0.11205274341 0.980562309305
-0.417942358729
0 0 0

00000018.jpg
D:\Automated-3D-Modeling-Project\Demonstration-for-regular-meeting\7.27\1time-20frame\images\1-6.jpg
400.909545898
213 522
1.71201135891 1.13151468889 -2.21938201432
-1.96180522476 0 2.29962678782
0.358532725106 0.0673283340115 0.166692656662
0.979959198575 0.178067207693 0.0334389794753 0.0827888051389
0.984055681092 -0.150350487296 0.0950216004062
0.174168117244 0.922876483478 -0.34346041309
-0.0360537417048 0.354533979484 0.934347958917
-0.272795218215
0 0 0

00000019.jpg
D:\Automated-3D-Modeling-Project\Demonstration-for-regular-meeting\7.27\1time-20frame\images\1-5.jpg
350.509643555
205.5 499.5
1.07881534122 2.02108449185 -2.4861724954
-1.94064225413 -0.327131272285 2.74892161926
0.456047222271 0.185476084984 0.300079979251
0.958733446587 0.224878313356 0.0914588383008 0.147970377431
0.93948000346 -0.242594096376 0.241920006137
0.324862503413 0.855069099408 -0.40413038363
-0.108818582924 0.458263058077 0.882130183553
-0.229576497591
0 0 0

00000020.jpg
D:\Automated-3D-Modeling-Project\Demonstration-for-regular-meeting\7.27\1time-20frame\images\1-4.jpg
310.559234619
193.5 508
0.406748663683 2.70716029303 -2.50276674751
-1.99489911866 -0.518043113761 3.08383001147
0.564997420676 0.298639211346 0.41913494987
0.927873931491 0.275673638422 0.145712095232 0.204504396644
0.873891737442 -0.299170681991 0.383157916326
0.459846512093 0.76436396012 -0.451983215744
-0.15765190235 0.571178315022 0.8055444334
-0.230677582071
0 0 0

00000021.jpg
D:\Automated-3D-Modeling-Project\Demonstration-for-regular-meeting\7.27\1time-20frame\images\1-3.jpg
553.098083496
219 517.5
0.820188521545 3.60889068331 -0.087465507267
-2.61887248312 -1.79361966868 1.90496367774
0.729942647781 0.167394287327 0.555197293412
0.893317540548 0.351897913607 0.0806990804542 0.267654958627
0.843696806235 -0.421406046734 0.332554190863
0.534997430692 0.609057347796 -0.585514258462
0.04419457456 0.67191205637 0.739310758976
-0.817036250712
0 0 0

00000022.jpg
D:\Automated-3D-Modeling-Project\Demonstration-for-regular-meeting\7.27\1time-20frame\images\1-2.jpg
659.480102539
211 516.5
0.928268892072 3.9393030034 0.878604113867
-3.16581018145 -2.20442527831 1.50661456201
0.768043263219 0.0889123038303 0.655820951183
0.874240923776 0.367784393652 0.04257645281 0.314045734695
0.799124897733 -0.51778524077 0.305446385251
0.580421292061 0.532219959074 -0.616322355741
0.156558075508 0.669806316486 0.725843914412
-1.20385662849
0 0 0

00000023.jpg
D:\Automated-3D-Modeling-Project\Demonstration-for-regular-meeting\7.27\1time-20frame\images\1-1.jpg
680.19317627
177 471
0.871961720395 4.36655457115 0.949903344387
-3.5748774116 -2.17450984102 1.79476778987
0.785278485528 0.0428765590673 0.739088606304
0.857904700441 0.373859438739 0.0204128937738 0.351869122386
0.751542938822 -0.588477060285 0.298123801676
0.619003635855 0.472834253477 -0.627106038246
0.228074531604 0.655837040949 0.719624707858
-1.0989137325
0 0 0

00000024.jpg
D:\Automated-3D-Modeling-Project\Demonstration-for-regular-meeting\7.27\1time-20frame\images\1-0.jpg
772.225341797
141.5 497.5
1.21536766709 4.2866627792 1.78558841779
-4.0363628993 -2.31016904038 1.18820150275
0.765842907112 -0.0574266841175 0.764661341382
0.85674234751 0.3644551097 -0.0273286443805 0.363892817272
0.733669975063 -0.643444657924 0.218418064657
0.603604888124 0.469508482655 -0.644377607959
0.312072492421 0.604598897027 0.732851342347
-1.4663607599
0 0 0

