fileName imageWidth imageHeight 
camera matrix K [3x3]
radial distortion [3x1]
tangential distortion [2x1]
camera position t [3x1]
camera rotation R [3x3]
camera model m = K [R|-Rt] X

1-0.jpg 153 1080
1129.24772569153265067143 0 154.71791796580509981140
0 1129.24772569153265067143 485.94000917630643243683
0 0 1
2.09563716593895632556 -62.84382350038565334671 323.91687862519592044919
0.13228203406433658440 -0.13968714238496299229
-12.57359126238226210148 -39.49733523961150893911 -42.16181828983636847852
0.02911040123855013553 -0.86629653417560081863 -0.49868116007632851128
-0.81349574998890772370 0.26936822122734910279 -0.51542742082935244508
0.58084184533288840679 0.42067930335132486253 -0.69688713178112915436
1-1.jpg 247 996
1511.29340182546161486243 0 -415.14983645835332026763
0 1511.29340182546161486243 368.40466891615051281406
0 0 1
0.20360554861401269910 -3.11094106252754354358 5.40522105958318466179
0.00076677571905826142 0.02323097124285524243
-19.30668437193940079055 -46.10499664975900202535 -28.72603450886886378157
0.20908969647789041324 -0.63927670301040984135 -0.74000459175259447608
-0.79345123277279738794 0.33141142530108108621 -0.51049153606228769853
0.57159132257069089622 0.69389607591342250537 -0.43794017376103105965
1-10.jpg 390 976
1651.24882661371589165356 0 -110.11532370764312815936
0 1651.24882661371589165356 673.70270190623136841168
0 0 1
-0.69624225076961465675 3.47417714354953677258 -10.30752766107038809196
-0.01279908207898430503 0.01071353175846584231
-18.04154557536210745639 -37.54722789738435295703 -24.80135434461254817506
0.08249284848260764191 -0.76029885980611788820 -0.64431403347028104456
-0.89222804561923363398 0.23168353291250387560 -0.38762334190250141708
0.44398653646220881397 0.60685120446011953099 -0.65924773119487789508
1-11.jpg 387 888
1647.88178745002346659021 0 -32.21409908636976382468
0 1647.88178745002346659021 669.19781012945406928338
0 0 1
-0.60147281381461592531 3.09910109562430546859 -8.74409781531343810457
-0.01325805611900048898 0.00501807927628352118
-17.64188362326697046001 -36.42526000432992816513 -24.66958839600957631433
0.05398684072867068751 -0.79375953481816596824 -0.60583101762239444099
-0.89391836098887333950 0.23194396306463460622 -0.38355177210493729412
0.44496672337951687082 0.56227021874106075661 -0.69703430059199822377
1-12.jpg 438 1035
1662.03652203905630813097 0 -58.17557225059777437082
0 1662.03652203905630813097 665.99243874089540895511
0 0 1
-0.59490662262473237298 2.80997223629967241010 -9.19188339391430631053
-0.00894846305611041691 0.00476179415188414737
-17.66138161258833605416 -35.55453562221423879919 -23.98555593955018849783
0.06388489469421845812 -0.78054169694012898173 -0.62183066792152708047
-0.88989086677253870228 0.23746209555165792571 -0.38949454220956064576
0.45167794440810210554 0.57824424987546507726 -0.67942668627397340142
1-13.jpg 477 1032
1650.73223770907407015329 0 -30.54092309172366626058
0 1650.73223770907407015329 712.19713708480355762731
0 0 1
-0.47328727726779162843 1.65425758020710200746 -5.49924765129665527041
-0.01337423060992130180 0.00322459814129385245
-17.22440254900712020003 -34.23767707278662442150 -23.87393414775434763442
0.05391096608371825916 -0.78785346001059608501 -0.61349860088288077353
-0.90186638844683431060 0.22531792009253046039 -0.36860392330391722471
0.42863810507907973424 0.57316556110299243798 -0.69839144785693629824
1-14.jpg 432 991
1650.47187540901973079599 0 -19.88384495036050125805
0 1650.47187540901973079599 757.55793407000942352170
0 0 1
-0.45932925682325964623 1.64603528977720547921 -6.12653796778952930424
-0.01554118561537761248 0.00093930152983322701
-16.92550843568498564196 -33.11692441496574446091 -23.62036509523966998358
0.03525341291245766284 -0.80415269921244858509 -0.59337646838019886264
-0.91307044130626779932 0.21545718460572840791 -0.34623773742119795527
0.40627523440495494356 0.55400057576784744739 -0.72665245885367546474
1-15.jpg 387 1016
1653.77475308452471836063 0 -37.41261256295322112919
0 1653.77475308452471836063 756.58266452786585887225
0 0 1
-0.46891941736991221701 1.68269568238688194128 -6.17622934749045970904
-0.01546783051554798290 0.00084008409557093924
-16.64233893375819661742 -31.97625807530384278721 -23.33290464498307059671
0.02711501403107524633 -0.81245971162693475520 -0.58238646361086776615
-0.91285161228695133051 0.21730827160498006334 -0.34565741571268138177
0.40739012010505087913 0.54100492795827115344 -0.73576284084320131562
1-16.jpg 414 1057
1654.48669136521061773237 0 17.01228955758125138686
0 1654.48669136521061773237 779.46261569539103675197
0 0 1
-0.47389088124414835423 1.87471756685143464694 -6.75037767241870501067
-0.01516460589942211605 0.00038765685545142666
-16.35891151141262866986 -30.91052993361613232537 -22.98529553985596862731
0.01034687096596168150 -0.82789618561673217201 -0.56078592002873872691
-0.91847017304303357754 0.21386460814679819631 -0.33267772785763127796
0.39535488297416215842 0.51850731453228471324 -0.75818512336038679233
1-17.jpg 441 1035
1651.44511515989393046766 0 60.97685956826552455823
0 1651.44511515989393046766 807.15668615277695607801
0 0 1
-0.52483839828635958646 2.43513687107195542225 -8.76113126047460788470
-0.01860183367078523803 0.00220767389498358101
-16.00062000966766717625 -29.68488601002716009702 -22.82719521778862059591
-0.00393458428542939071 -0.84231989857017219858 -0.53896354934191570418
-0.92492571426718439564 0.20794347315328279291 -0.31823251728930673776
0.38012753403803806185 0.49724913317740904173 -0.77990150494820542626
1-18.jpg 411 999
1648.40697884257224359317 0 51.88909832864460014434
0 1648.40697884257224359317 828.94511132414584153594
0 0 1
-0.54452574050785929050 2.87185549475665924390 -11.26489836018949475260
-0.02064485489209104060 0.00473715688460054057
-15.67030380430765212907 -28.43271181640102440724 -22.54836623201469336664
-0.01384393042542875034 -0.85239811719542335489 -0.52271004906360196696
-0.92977923705856535541 0.20329351184449970247 -0.30689137879178429724
0.36785719501617480942 0.48175636772504376593 -0.79535645231003448963
1-19.jpg 444 1051
1649.58361179156008802238 0 146.38470077541842329083
0 1649.58361179156008802238 883.09999379316457179812
0 0 1
-0.51907483399500664589 1.44365918350050637109 -3.17594403378108358638
-0.02326552148767760050 0.00636310506485365281
-15.40218478339622976137 -27.39539133864295550325 -22.17052160190982945664
-0.04025653809018851781 -0.87539523332760316165 -0.48172875833637374132
-0.94083000329177612908 0.19556389000108254095 -0.27675561391531144917
0.33647929512377078298 0.44208364637809849373 -0.83147082544010808558
1-2.jpg 265 960
1578.91858863004836166510 0 -294.38760777051794548242
0 1578.91858863004836166510 401.49937702081604129489
0 0 1
-0.04723181632288610959 -3.01006627955373762262 8.47786648596544623047
0.00532908253184135716 0.01599458189691020660
-19.59657079597353757094 -45.71562924585192888571 -28.04014156775118493670
0.16037614780636538780 -0.68882965024787079500 -0.70696053931898261702
-0.80588938385543762433 0.32217748575199900429 -0.49673329731720566871
0.56993139254114955072 0.64939616615277029332 -0.50345091834476751735
1-20.jpg 453 1061
1648.16681746152676169004 0 139.74171371365824256827
0 1648.16681746152676169004 880.59292120176849039126
0 0 1
-0.46127416150401084893 1.08268678799709805460 -2.28807419619728991123
-0.02372484516839172553 0.00357717630070340971
-15.07117797770295553050 -26.11569677094141539442 -22.00146694643868272578
-0.04390555565309540997 -0.87708765170452651638 -0.47831950975287645944
-0.93970611571186857258 0.19879384582505923995 -0.27826861654846163363
0.33915294230848880286 0.43726223034870242978 -0.83293278458346997617
1-21.jpg 426 1044
1651.05736511001828148437 0 151.93875102213638683679
0 1651.05736511001828148437 874.05927252905507884861
0 0 1
-0.43695644485239160115 1.40107696045128338191 -3.98553443424378173177
-0.01889388292756937968 0.00051520754856190060
-14.70375514677990125278 -24.96219652024692337022 -21.78332051925298884498
-0.05849710541264910996 -0.88778932097848139993 -0.45651748073311321230
-0.93791555712489549368 0.20549329533643928558 -0.27944035727658889101
0.34189544653510389738 0.41182839524289471811 -0.84469217855395339889
1-22.jpg 429 1058
1649.15450875547912801267 0 162.45858146808245692228
0 1649.15450875547912801267 876.57115127310146363016
0 0 1
-0.38888070436438276767 0.82443630684412350096 -1.72727266909041743403
-0.01846081007294867252 0.00212762310881383981
-14.32584444282638891366 -23.71165798942780966740 -21.52651191135201713678
-0.06708660343968569917 -0.89453766702489367901 -0.44192957573869928734
-0.93815486383563595485 0.20733636304435781872 -0.27726717083181295909
0.33965399909388066524 0.39599746821564235644 -0.85312435556977006534
1-23.jpg 450 1080
1651.42536202771862008376 0 212.21601158908754314325
0 1651.42536202771862008376 894.91888348651741580397
0 0 1
-0.37361310970125460873 0.65100620869870917673 -1.22033549691367837475
-0.01882480706092004227 0.00270354927051270639
-14.05324068535178128059 -22.45964512431972437412 -21.21757746054128546120
-0.08298866198398677230 -0.90637051837206605853 -0.41425277960209239136
-0.94107473395572693864 0.20803528597363316055 -0.26664520415718379054
0.32785854738326580815 0.36771429563700780419 -0.87022696447071434811
1-27.jpg 450 1080
1651.42536202771862008376 0 212.21601158908754314325
0 1651.42536202771862008376 894.91888348651741580397
0 0 1
-0.37361310970125460873 0.65100620869870917673 -1.22033549691367837475
-0.01882480706092004227 0.00270354927051270639
-12.48692073787121969985 -17.37758002804639900774 -20.47622728629985999760
-0.10969079152401738086 -0.92031424724967492157 -0.37548584069722096279
-0.93962061089270909608 0.21921051694506160645 -0.26279242159219656783
0.32416205490533045452 0.32398832628652390886 -0.88879161032809617105
1-24.jpg 456 1080
1639.62036639155394368572 0 194.51859899460063729748
0 1639.62036639155394368572 924.69864242503615514579
0 0 1
-0.21086909906959433458 -0.48167649131964529463 2.12576245624945858737
-0.01163528619826490959 0.00215853465692825586
-13.56641741156131963919 -21.10929241090153141158 -21.23965687821881687114
-0.08349092971904877036 -0.90537007739380193083 -0.41633434594636775650
-0.94701712518741698599 0.20211671783825690962 -0.24961449671854135657
0.31014162773869802248 0.37343520901252924560 -0.87427588060826633143
1-74.jpg 456 1080
1639.62036639155394368572 0 194.51859899460063729748
0 1639.62036639155394368572 924.69864242503615514579
0 0 1
-0.21086909906959433458 -0.48167649131964529463 2.12576245624945858737
-0.01163528619826490959 0.00215853465692825586
12.70750116999386136740 46.20649466765937063428 -23.59225769104989112179
-0.38786916433631196677 -0.89962787627371698651 0.20056718472445311807
-0.90937320200292059980 0.33801635641736982318 -0.24245684620831192690
0.15032594864495768539 -0.27643195731602288046 -0.94920360415372739826
1-25.jpg 462 1080
1645.32284874130232310563 0 197.36040915511557614082
0 1645.32284874130232310563 893.73784833226829960040
0 0 1
-0.25836036310229198998 -0.13555561565404808388 1.23415568590560198459
-0.01321460239122386818 0.00184460622781070036
-13.20826496936159166751 -19.91642858182946440593 -20.93877714033274273220
-0.09096366995826378476 -0.91065250986202217476 -0.40303550343576882709
-0.94094352195732866573 0.21112708738061242153 -0.26467081716864310215
0.32611485589322986023 0.35515821721618490159 -0.87607747460459173272
1-26.jpg 474 1080
1647.09882505719929213228 0 202.41790365677161389613
0 1647.09882505719929213228 909.26864124683993395593
0 0 1
-0.27658913426369952093 -0.17878402160599249360 1.46880771715625879636
-0.01462498051474560301 0.00198085097548511948
-12.87697900099401771001 -18.67958904829955457672 -20.66389940583980333599
-0.09658545970628500121 -0.91278526172192486765 -0.39685553411356477849
-0.94336991626795163590 0.21108886965677914338 -0.25591930405426899231
0.31737115504393853538 0.34966348835739269330 -0.88148227143591251220
1-28.jpg 468 1080
1641.62825644806480340776 0 238.49365428055597249113
0 1641.62825644806480340776 910.68090743815605492273
0 0 1
-0.10632266703520514006 -3.78852405298700523062 22.56251866356481983189
-0.01844584499409990946 0.00017936340928607314
-12.06346839505442858353 -16.08161562069561512089 -20.44632253260585130761
-0.12357511994831674174 -0.92752981719612925815 -0.35272883060769794072
-0.94170943578072796587 0.22169614614139898645 -0.25304971319405689112
0.31290977659910551578 0.30089741939432845808 -0.90085970867307152421
1-29.jpg 468 1080
1641.62825644806480340776 0 238.49365428055597249113
0 1641.62825644806480340776 910.68090743815605492273
0 0 1
-0.10632266703520514006 -3.78852405298700523062 22.56251866356481983189
-0.01844584499409990946 0.00017936340928607314
-11.65795784483579744517 -14.73869029675680586422 -20.29812581938955062810
-0.12883407318113346274 -0.93000297444324786511 -0.34423284142317089884
-0.94122516048574345060 0.22397651703180460059 -0.25284326585236177598
0.31224506218056463647 0.29142578359680754163 -0.90419800585869580800
1-3.jpg 283 995
1601.27923845989539586299 0 -265.91137863027404364402
0 1601.27923845989539586299 459.15003632938305599964
0 0 1
-0.29114885979709209662 -1.05787932877685908473 3.98231858127990934193
-0.00002654571198749689 0.01370968992173961579
-19.34204096185710497480 -44.61464652754320781014 -27.76438062580260535128
0.14857736997118703437 -0.69922974194267795145 -0.69928716069667762323
-0.82609680168252563881 0.30094517780674978624 -0.47644105008360243536
0.54358885141469470703 0.64846724507691200223 -0.53291781043610586543
1-30.jpg 501 1080
1649.34621949740380841831 0 236.28220703854577777747
0 1649.34621949740380841831 918.32590979474184678111
0 0 1
-0.35706582324153529617 -0.53766625047664107218 6.50836598268940580425
-0.02459279024652459913 0.00114820087324190483
-11.32766723383356755050 -13.42292113651999940771 -19.90354674664376588566
-0.13106117733377484202 -0.93065422005611175837 -0.34162214578044414193
-0.94216291506295546387 0.22414750938891453425 -0.24917250152217965131
0.30846719319233761869 0.28920687530986649572 -0.90620492936065200063
1-38.jpg 501 1080
1649.34621949740380841831 0 236.28220703854577777747
0 1649.34621949740380841831 918.32590979474184678111
0 0 1
-0.35706582324153529617 -0.53766625047664107218 6.50836598268940580425
-0.02459279024652459913 0.00114820087324190483
-7.61129523074238889535 -2.30304919440267763520 -19.04042607984037971391
-0.18815246334211857548 -0.95151424443293985966 -0.24335014522186818042
-0.93693705709521102332 0.24820000772166392333 -0.24606037309719605566
0.29452945791560147804 0.18170690357875121657 -0.93820839881753581579
1-31.jpg 513 1080
1655.77063499843848148885 0 239.82421862060343187295
0 1655.77063499843848148885 881.19842770362743067381
0 0 1
-0.38625108823649512146 -0.71401760358416854757 10.45939374387846676484
-0.02555805125284359852 0.00010560600931368053
-10.90146952302026761572 -12.08091346320435910400 -19.69709809385324206232
-0.13890592039029128757 -0.93413953873889932211 -0.32876810588194582685
-0.93439856614944405422 0.23359868077624110216 -0.26894418736507924583
0.32803119494704935377 0.26984250685219351995 -0.90530688533631220594
1-32.jpg 510 1080
1648.36609974437669734471 0 242.10288906499957306551
0 1648.36609974437669734471 897.96701468744583962689
0 0 1
-0.41512403542898768105 0.68520976048364690136 0.74123284348375939601
-0.02408889167024591549 -0.00092865191209424178
-10.31765063257104664274 -10.68524796331683113237 -19.81536673120748304200
-0.14615937493253000623 -0.93702209901090283140 -0.31721762732315794686
-0.93722344756441933189 0.23378952996778384898 -0.25875599512457037044
0.31662224567265662145 0.25948418380056326171 -0.91236961364490831716
1-33.jpg 504 1080
1646.60713064481433320907 0 229.20215652346632850822
0 1646.60713064481433320907 907.86497603174484538613
0 0 1
-0.40551822375035156965 0.86820259865696636226 -2.33683497707828990997
-0.02293985829588466099 0.00185778452218536365
-9.85253689534050458576 -9.26116193805330034650 -19.66693594820376489452
-0.15028256540657639051 -0.93774732420005479927 -0.31312155226118743023
-0.93851107003439426801 0.23489260978986681305 -0.25302654660924778218
0.31082490562648701360 0.25584256452307313490 -0.91538650865115045452
1-34.jpg 525 1080
1644.48490796186661100364 0 227.40250787097551210536
0 1644.48490796186661100364 919.07863458329370587307
0 0 1
-0.31367742518298497023 -0.49382600357292960602 5.11313549717798832006
-0.02175094900406270362 0.00075540105840605761
-9.45680698169475597581 -7.88981002907810502478 -19.50162179499577419506
-0.15700279650170020918 -0.94038970327888937728 -0.30169078185733183561
-0.93985400364873172840 0.23610310687522451101 -0.24683957289971958371
0.30335552362878676069 0.24479078595998823853 -0.92089787565885705689
1-39.jpg 525 1080
1644.48490796186661100364 0 227.40250787097551210536
0 1644.48490796186661100364 919.07863458329370587307
0 0 1
-0.31367742518298497023 -0.49382600357292960602 5.11313549717798832006
-0.02175094900406270362 0.00075540105840605761
-7.04957264710749331726 -0.85225646994189585559 -19.11421611984165025433
-0.19010312379265184579 -0.95146586729695770135 -0.24201963906493989542
-0.93674432277507346800 0.24958180992514239493 -0.24539558656006629778
0.29388922415247653586 0.18006005532415614301 -0.93872653121328009096
1-35.jpg 486 1080
1641.71466822196885004814 0 221.94122777909120713957
0 1641.71466822196885004814 908.62688018677374657273
0 0 1
-0.30780630416296711482 -0.77888245768941699598 7.50550422690635077316
-0.02331664028126739785 0.00061615626839182664
-8.91375095063370892490 -6.47779741436228917451 -19.55276290631596936009
-0.16555119088092107305 -0.94353027571576464361 -0.28695543557431024695
-0.93722205184043638759 0.24107978725924406049 -0.25198285997075303699
0.30693261270498994886 0.22722489956598262983 -0.92420842685798842986
1-36.jpg 522 1080
1646.39054966662388324039 0 225.87087346439255952646
0 1646.39054966662388324039 898.60844408438106256654
0 0 1
-0.37837341465952201158 0.05052408293132525097 5.60153234481179485016
-0.02241582717862590848 -0.00104948949896721002
-8.45559697194237536166 -5.10799889940526696819 -19.45722287253707349919
-0.17043665397048149424 -0.94420798258439431194 -0.28182021326947853668
-0.93465647736939305723 0.24548201500862620872 -0.25720779463060938763
0.31203944669670130585 0.21956745189397405826 -0.92434924015439312583
1-37.jpg 519 1080
1645.91879494533213801333 0 230.94138509111110124650
0 1645.91879494533213801333 887.72066163781653358456
0 0 1
-0.46446603969468702733 2.61766748687336203716 -11.56841247507888503776
-0.02184872025343518112 -0.00084088891854160359
-7.90563057858045237225 -3.69172413625932094305 -19.43123600506527637322
-0.18072580155444722960 -0.94827683284389707730 -0.26097745677366512851
-0.93209277304594295721 0.24982415486941508820 -0.26228029678057535046
0.31391280172689162153 0.19585438451903547374 -0.92903165337712956262
1-4.jpg 320 1030
1615.00319564842993713683 0 -237.10211793019934134463
0 1615.00319564842993713683 453.50315301078285301628
0 0 1
-0.23345052762759282983 -1.11056772504586365180 3.63443040815689499823
0.00036768100502177051 0.00657658159711019610
-19.47840889490871774115 -43.90263759968060952588 -26.94504760154446643128
0.13985043681786718528 -0.71131234228972961553 -0.68882262377781278140
-0.82429133778471219696 0.30180744355985100746 -0.47901571734647363510
0.54862158704788588359 0.63478107936371719333 -0.54412069939204943392
1-40.jpg 546 1080
1640.24072729808654003136 0 240.99736835357597897200
0 1640.24072729808654003136 942.83094474060885659128
0 0 1
-0.17106167115583753580 -1.45474702513965192807 9.01865456983771274224
-0.01034110306359524792 -0.00063258242559149447
-6.45808388785374010155 0.56591337338761427134 -19.13499970125629801032
-0.20042449066592377127 -0.95420838920316919385 -0.22207290135358323524
-0.94016352644246448111 0.25107912110769842196 -0.23032980374032163695
0.27554049990622864197 0.16262110846405822273 -0.94743432911909342131
1-41.jpg 528 1080
1621.92763799521230794198 0 236.71337802340292455483
0 1621.92763799521230794198 1016.78369360389478970319
0 0 1
-0.08554621658452406241 -0.63310367377251841603 1.98952464234211934269
0.00411477243912053946 -0.00130257285133814375
-5.65868672339937006655 2.02176233589449116934 -19.53998912863843884224
-0.20730523121511895690 -0.95531792747222188389 -0.21069456224835239611
-0.95131221191905712686 0.24707787498910907531 -0.18427587781513152243
0.22810001438955929132 0.16223495659396272583 -0.96002614667228625134
1-42.jpg 570 1080
1626.31772943526425478922 0 254.72499713929664721945
0 1626.31772943526425478922 1017.83479989261229547992
0 0 1
-0.05704959525893115585 -1.13486606866045902642 3.88966704834602738927
0.00325428014324896349 -0.00058249189874153701
-5.29931371312429355669 3.39028153194959580574 -19.31277009644833242419
-0.21376937143932545071 -0.95704415388241714790 -0.19588043126847531905
-0.95046980660569924115 0.25007831679261083302 -0.18457513971577851897
0.22563200696124718903 0.14672192402522105104 -0.96310065644509701421
1-46.jpg 570 1080
1626.31772943526425478922 0 254.72499713929664721945
0 1626.31772943526425478922 1017.83479989261229547992
0 0 1
-0.05704959525893115585 -1.13486606866045902642 3.88966704834602738927
0.00325428014324896349 -0.00058249189874153701
-3.19309495066159110266 9.04588775737856032322 -19.33458728823024586063
-0.23955403721637819059 -0.96082052751637780919 -0.13941942890603084559
-0.94732069234634530552 0.26276235339682407766 -0.18313779372320576622
0.21259672882190600030 0.08820351206449900117 -0.97315094993208162144
1-52.jpg 570 1080
1626.31772943526425478922 0 254.72499713929664721945
0 1626.31772943526425478922 1017.83479989261229547992
0 0 1
-0.05704959525893115585 -1.13486606866045902642 3.88966704834602738927
0.00325428014324896349 -0.00058249189874153701
0.09437147631844183815 17.35979069540016439532 -19.72670019368709404262
-0.27727105045761396562 -0.95929495158846511682 -0.05360933160388994118
-0.94197283582230828536 0.28240602580313112213 -0.18147730757028496251
0.18922986326425825232 0.00018013041322229029 -0.98193280136780458633
1-43.jpg 555 1080
1630.65493745174399009557 0 253.98013156730993955534
0 1630.65493745174399009557 1013.77772724792521330528
0 0 1
-0.14770511308284436924 -0.03542380622170149956 -0.91496422486311135280
0.00063607156266688876 0.00170085100328303310
-4.81690545314455143000 4.86730774709491065266 -19.18217685637368319362
-0.22282756568652117846 -0.95863856892600041171 -0.17708746465441557727
-0.94871462145443175018 0.25503080813631723300 -0.18681502600141949855
0.22425084840150147358 0.12637792951637846772 -0.96630232118233061467
1-57.jpg 555 1080
1630.65493745174399009557 0 253.98013156730993955534
0 1630.65493745174399009557 1013.77772724792521330528
0 0 1
-0.14770511308284436924 -0.03542380622170149956 -0.91496422486311135280
0.00063607156266688876 0.00170085100328303310
2.91405844040153549912 24.24730471988328162070 -20.22289127279980291974
-0.31122049030516607537 -0.94999005336705766300 0.02570418094137786810
-0.93558388419006266457 0.30152927691048475589 -0.18374681169934761749
0.16680708035945998602 -0.08123419027414047200 -0.98263747347252006215
1-44.jpg 558 1080
1622.90469332254929213377 0 259.57729575128178112209
0 1622.90469332254929213377 1036.75329397819746191090
0 0 1
-0.10499121175116898907 -0.09400450447394594067 -0.53922651771180363234
0.00707318807734725902 0.00014166376602311250
-4.15278306381904638300 6.22989768879401140111 -19.48961229612060108707
-0.22989285572891782206 -0.95947239159438812983 -0.16297854046759646662
-0.95115675225922635683 0.25696199455114315802 -0.17108876639913814244
0.20603423869950246439 0.11568605414847236978 -0.97168237061247186848
1-62.jpg 558 1080
1622.90469332254929213377 0 259.57729575128178112209
0 1622.90469332254929213377 1036.75329397819746191090
0 0 1
-0.10499121175116898907 -0.09400450447394594067 -0.53922651771180363234
0.00707318807734725902 0.00014166376602311250
5.86914498788211069780 30.78909423999078143197 -21.27640492551861228776
-0.34037165154121551414 -0.93545934099879934909 0.09519958069864178918
-0.93165845773356059656 0.32182629704286891403 -0.16864267747281011522
0.12712063939671039425 -0.14609468118233120970 -0.98106915514126957767
1-45.jpg 606 1080
1627.43128847680122817110 0 285.02711923292298479282
0 1627.43128847680122817110 1014.58164674845068020659
0 0 1
-0.09731613778317399488 -0.36506998294467002397 0.53249387170273776437
0.00277476424376665864 0.00125578927646604948
-3.77230435878730929744 7.68846846498592562114 -19.26352884969756473765
-0.23669242345023103202 -0.96079507222031679259 -0.14439364902381524036
-0.94726913330962325688 0.26124680130508237674 -0.18555672417537985575
0.21600436514128995569 0.09285977603364664601 -0.97196665386981728751
1-47.jpg 573 1080
1634.14605386513221674250 0 244.42429153785326434445
0 1634.14605386513221674250 1006.16068824197691355948
0 0 1
-0.15003409574439896534 -0.32912529598257700414 1.29445963782219752858
-0.00063429326560138861 -0.00091218961511654027
-2.75161696112511755530 10.45812279565974733941 -19.18262065662173654346
-0.24496849057008654449 -0.96056848636386715778 -0.13152422450804426846
-0.94449566768712023279 0.26706584897546742363 -0.19132110712431474320
0.21890265495894314918 0.07735641741731477672 -0.97267549179378620661
1-48.jpg 579 1080
1646.30204533824098689365 0 223.03294448903960756070
0 1646.30204533824098689365 945.14344382923275134090
0 0 1
-0.18733457392737351555 0.08406069967052347269 -2.38202988946223026545
-0.00844383683616606318 -0.00267291070821254603
-2.46155645196451766665 11.87481095834114874776 -18.88117834680953421866
-0.24757517366696515926 -0.96004809553346892592 -0.13043844389723183164
-0.93452935413341509108 0.27215159423639084801 -0.22932159954433692373
0.25565879536357516422 0.06512421989667230293 -0.96457110486272368277
1-49.jpg 621 1080
1626.14752052596418252506 0 259.48401951764634532083
0 1626.14752052596418252506 1024.98563850395657937042
0 0 1
-0.06542603697270363283 -1.14407488368375731547 3.67429207674976243680
0.00014180484311675034 -0.00056136394611120484
-1.67520280773488905446 13.27379085246449541557 -19.33882395217548477717
-0.25813079241378195094 -0.96037770962718815859 -0.10508638760119788647
-0.94507370973834414762 0.27358702945465723788 -0.17884580083295356645
0.20050979320032466524 0.05314877388437790756 -0.97824896149464446449
1-64.jpg 621 1080
1626.14752052596418252506 0 259.48401951764634532083
0 1626.14752052596418252506 1024.98563850395657937042
0 0 1
-0.06542603697270363283 -1.14407488368375731547 3.67429207674976243680
0.00014180484311675034 -0.00056136394611120484
6.87289051480215373857 33.49019796064645504430 -21.35747521422142369829
-0.34846859758867393397 -0.93034620356938602104 0.11412965433494237644
-0.92849283480227684517 0.32594670128812852639 -0.17793201971601191325
0.12833819468659599106 -0.16797228766501356989 -0.97740197378620397028
1-5.jpg 343 967
1623.69696557091060640232 0 -176.90975387537844198960
0 1623.69696557091060640232 576.41883588246844283276
0 0 1
-0.52417239086654232594 1.90472747179249801697 -7.75897581120413804001
-0.00969512616370716250 0.01082955920853563223
-18.95137654617277433999 -42.60399655909863980696 -26.95018797518653741463
0.11476805502449988206 -0.73206853633660584624 -0.67149382100796195516
-0.86430900245413044836 0.25962729305370213506 -0.43077095651674690568
0.48969198668411895170 0.62981689942997454157 -0.60293650691409794717
1-50.jpg 627 1080
1637.50386075038090893941 0 258.17744317034424739177
0 1637.50386075038090893941 970.26554182396091619012
0 0 1
0.01815239691144144435 -3.62214920882367596988 16.77802383253581197664
-0.00734803890750866835 -0.00113135967365255753
-1.32775247029876442006 14.65500733006726541419 -19.05605572411675296962
-0.26248073375002412000 -0.96056948501288608178 -0.09170675477917462903
-0.93709040973883273029 0.27641934457517253199 -0.21319922589010173453
0.23014219166757651780 0.02997683116526436709 -0.97269520468013703773
1-51.jpg 639 1080
1637.58322475775730708847 0 248.80783641795463267954
0 1637.58322475775730708847 979.08032379418978052854
0 0 1
-0.04860125300858857134 -3.00230990209562920157 13.74020048612381117437
-0.01308784206105264615 0.00120206345678863943
-0.83169139649352330501 16.13803554280222130046 -19.04759213762865854846
-0.26537389052304910519 -0.96049845577620485138 -0.08378194722126242056
-0.93785530777117420698 0.27731553659014163138 -0.20862290107070635692
0.22361600996819674947 0.02321227298752678858 -0.97440087770314309790
1-53.jpg 594 1080
1620.56780891394964783103 0 233.30482009872903859105
0 1620.56780891394964783103 1036.62779213454336968425
0 0 1
-0.03108060596502389486 -1.01413406062828603815 2.98702617602107345363
0.00671247193312972390 -0.00175446391633643506
0.71713283227745372450 18.71982884431992388841 -19.94662107233470749179
-0.28102989491116969756 -0.95824228964261404240 -0.05285747351791895976
-0.94318685401181434624 0.28594827909246683939 -0.16921034277890151243
0.17725900988529072477 0.00230130930934107497 -0.98416154537248057288
1-67.jpg 594 1080
1620.56780891394964783103 0 233.30482009872903859105
0 1620.56780891394964783103 1036.62779213454336968425
0 0 1
-0.03108060596502389486 -1.01413406062828603815 2.98702617602107345363
0.00671247193312972390 -0.00175446391633643506
8.70046652544393239737 37.25847250670395993666 -22.14091661924603471334
-0.36350670572477261633 -0.91998346294481059271 0.14660594394906989457
-0.92534430704411063662 0.33837524093608745135 -0.17099739688808035520
0.10770695573721530969 -0.19781967604239736325 -0.97430312914221040010
1-54.jpg 612 1080
1636.27936743936743368977 0 251.81358052978487194196
0 1636.27936743936743368977 989.14598997440020866634
0 0 1
-0.08550155114847550475 -1.79364815615656025827 7.44210659530348550561
-0.00644762968427096527 -0.00012721610713101346
1.01040572912607706790 20.17637886049500650643 -19.57804346554257080015
-0.28832514960698968354 -0.95697219437491864991 -0.03275404245829514893
-0.93608658822370849339 0.28890162134424096640 -0.20069318008434122724
0.20152048891317234092 -0.02720427131760021211 -0.97910643965315347081
1-65.jpg 612 1080
1636.27936743936743368977 0 251.81358052978487194196
0 1636.27936743936743368977 989.14598997440020866634
0 0 1
-0.08550155114847550475 -1.79364815615656025827 7.44210659530348550561
-0.00644762968427096527 -0.00012721610713101346
7.35349124377057883351 34.90048242517860188627 -21.28084754674286571685
-0.35286518730441857050 -0.92746913870846925398 0.12364124041753909999
-0.92419796128833286986 0.32484822387326378612 -0.20082768682847246255
0.14609684438449277444 -0.18513408165369232838 -0.97179271651476029081
1-55.jpg 582 1080
1628.48894872565097102779 0 241.14234074383418260368
0 1628.48894872565097102779 994.97541759904470382025
0 0 1
0.01916275677423467938 -2.59362691496740938035 9.78787395268579096808
-0.00298947596316693045 0.00028654737804233692
1.66775509664262822085 21.55060229072604727207 -19.83598727652503512786
-0.29476432543086911187 -0.95541880619874575142 -0.01699697664433668515
-0.93595537443086807006 0.29225357906523696805 -0.19640616741215846663
0.19261757325659109585 -0.04198511980836437674 -0.98037529558196179202
1-56.jpg 615 1080
1627.55790604837056889664 0 268.04564027089054434327
0 1627.55790604837056889664 1026.69015657398927032773
0 0 1
-0.14384809718442131965 0.17183522607044987573 -1.64561923635231743823
0.00380190251596393023 -0.00060545848454328626
2.36901669012579230156 22.81963285363792692806 -20.22160882509854573641
-0.30456924368316445895 -0.95248166926855537540 0.00403057187649051487
-0.93790259142673604309 0.29916425315615274849 -0.17561172691063192675
0.16606114776574990022 -0.05726621465495776442 -0.98445125621424955931
1-60.jpg 615 1080
1627.55790604837056889664 0 268.04564027089054434327
0 1627.55790604837056889664 1026.69015657398927032773
0 0 1
-0.14384809718442131965 0.17183522607044987573 -1.64561923635231743823
0.00380190251596393023 -0.00060545848454328626
4.66050055859108702805 28.16916827039616322281 -20.82076428987549832073
-0.32632400260720567653 -0.94331170216147108842 0.06062736913012450185
-0.93383280972751314675 0.31177401736861426462 -0.17536603311432163999
0.14652279276218685422 -0.11384197230838447035 -0.98263476253494430601
1-58.jpg 588 1080
1622.05862699027807138918 0 257.41549599685873772614
0 1622.05862699027807138918 1026.98751477476002946787
0 0 1
-0.02250983011406193848 -1.34263453771807284021 4.39898244793423121024
0.00421403790649100239 -0.00072170609828243299
3.53059725333277896198 25.50558678409606727655 -20.53012214099018706293
-0.31547030749422488860 -0.94835406251332077243 0.03321230500853176310
-0.93603110104450171214 0.30523729763582607699 -0.17514556805525011152
0.15596237676733867850 -0.08634097663600223682 -0.98398220145824999427
1-69.jpg 588 1080
1622.05862699027807138918 0 257.41549599685873772614
0 1622.05862699027807138918 1026.98751477476002946787
0 0 1
-0.02250983011406193848 -1.34263453771807284021 4.39898244793423121024
0.00421403790649100239 -0.00072170609828243299
9.83953607705024602126 39.84885392669069403837 -22.48479712128371588165
-0.37217514376611326998 -0.91332598324455116501 0.16529159292912257162
-0.92209085570843707380 0.34349396812799209977 -0.17821433073287928917
0.10599111369145552963 -0.21874081052711630280 -0.97000945440154617838
1-59.jpg 537 1080
1626.09581042691092989116 0 240.87144434765545497612
0 1626.09581042691092989116 1019.82126448883218472474
0 0 1
-0.05350246178396449864 -1.16351351165056904335 3.53538311701970986434
0.00141092011643478518 0.00113124371871987320
4.05810898710911338583 26.92423816801520075614 -20.55837264070383341164
-0.32187048896194614400 -0.94530395402224609569 0.05291335224028771017
-0.93420083303341150405 0.30801515237848109408 -0.17998741474042270760
0.15384470057521504316 -0.10736433493096356195 -0.98224472902111026329
1-6.jpg 354 942
1624.43361698263561265776 0 -144.06905545636527676834
0 1624.43361698263561265776 617.42576245531347467477
0 0 1
-0.67814550283810126619 3.65497579478029033240 -13.07682608260387091548
-0.01548165176790086348 0.01179818628598808608
-18.52729365736932365394 -41.35718506025263963011 -26.90074087385128720484
0.10244916128152836698 -0.74299356065000832228 -0.66141117180263431230
-0.87874433213239921958 0.24400048648827471487 -0.41020989912320365844
0.46616796125205245405 0.62323697854516602046 -0.62790373503905616559
1-61.jpg 597 1080
1630.44637906439152175153 0 251.41472532634898584547
0 1630.44637906439152175153 1013.69473726151704795484
0 0 1
-0.13765894055888638903 0.18380651774065656645 -1.84233523145152622291
0.00444062430419811267 -0.00094409435519694166
5.20826399106013937512 29.52630640676365203490 -20.85457476340553384375
-0.33278840800951547951 -0.94006274041173931710 0.07439031915553903640
-0.93117739469263915986 0.31513830738990622482 -0.18329349914509773800
0.14886414984112589233 -0.13026853536059934680 -0.98023954908332644465
1-63.jpg 642 1080
1625.75599057566705596400 0 294.06658183489270186328
0 1625.75599057566705596400 1031.68633744421663323010
0 0 1
-0.12914123877357361336 0.00004952407449751537 -1.33787459486008408760
0.00269591840541588256 -0.00050555637587282451
6.36528540165696821163 32.15526911566984580304 -21.26094705390286065949
-0.34561311491209611990 -0.93212588188871625672 0.10813378340713476755
-0.92988217032677422669 0.32473229349807453126 -0.17282386081744693929
0.12597906218545257273 -0.16028187006852420704 -0.97899897753685649615
1-66.jpg 660 1080
1624.24338576834429659357 0 272.34566465894056364050
0 1624.24338576834429659357 1032.21578224551399216580
0 0 1
-0.08168871819831509395 -0.79810108766064236097 2.45674776846020437304
0.00301773244020382258 -0.00014084215340352541
8.09107802989055535647 36.02499597759123162177 -21.84356622699369765428
-0.35839576052309785048 -0.92356389808360639382 0.13631656170724204546
-0.92650090909997340205 0.33393520952277350178 -0.17344549944551510001
0.11466710197782595260 -0.18845955003022629715 -0.97536375456873081191
1-68.jpg 596 1080
1600.55695421974246528407 0 251.75968490994722515097
0 1600.55695421974246528407 1080.39016164052213753166
0 0 1
0.03272687055403557949 -0.85459697798955103210 1.77537464349647788886
0.01734390357270836763 -0.00054614000894523992
9.54803534144177667997 38.32140161982074744174 -22.96249073712127852787
-0.36861678376445516925 -0.91598811032766846996 0.15839017793252180288
-0.92660469499944431160 0.34843836532920108295 -0.14140171417525601583
0.07433307428147664653 -0.19888812761213572888 -0.97719911316108098998
1-7.jpg 351 972
1635.52402398081085266313 0 -114.90887929741745665524
0 1635.52402398081085266313 631.69574079966912449891
0 0 1
-0.69178191511577857842 3.75786455475164471451 -13.40397668759192306709
-0.01408684010772599284 0.00935076021277450598
-18.38964218798276917255 -40.44494012090180490304 -26.38790399748965498361
0.09261299819078544493 -0.75357236145521167003 -0.65080836550933285345
-0.88045584710357438496 0.24326158183114957034 -0.40696597413805257748
0.46499498262587818376 0.61069836978317093568 -0.64095800742087349899
1-70.jpg 556 1080
1600.07119651316406816477 0 247.29235383959633054474
0 1600.07119651316406816477 1070.39940475204207359639
0 0 1
-0.00666593263446438669 -0.32132625459056951556 -0.11646022521656981819
0.01716228897125482780 -0.00072252435832354531
10.75909628895601599652 40.75291473922614926551 -23.63292960171012424553
-0.37620208849894470893 -0.90955079321643950152 0.17660504853592901009
-0.92367810604717492939 0.35320157665889378995 -0.14855101027854111795
0.07273750764313995087 -0.21901141706545168564 -0.97300732483206253676
1-71.jpg 527 1080
1610.00331930245260991796 0 228.32197381776174438528
0 1610.00331930245260991796 1042.10081841702594829258
0 0 1
-0.05244455452433965242 -0.34292726632008452281 0.14472711962541770503
0.00955629355430862200 -0.00085223125405676147
11.20278214888173984320 42.13957486652311246189 -23.54939872582815851842
-0.37963793513321691941 -0.90721643646579064324 0.18119982233462458843
-0.92085447162640432506 0.35174229670096918143 -0.16823911197216628866
0.08889364596776941352 -0.23072861573250835754 -0.96894903147106614671
1-72.jpg 511 1080
1609.07547680113589194661 0 219.64125871106656973097
0 1609.07547680113589194661 1025.37458454785041794821
0 0 1
0.03071549432577002151 -1.31999989624503055730 3.67416949937464076825
0.00884938497629634245 -0.00258108510876311342
11.76514432133552645610 43.36789891786042261401 -23.81467316116937382731
-0.38217958137517482609 -0.90558038164940646286 0.18401885759783301322
-0.91891937311720184312 0.35139798601838029279 -0.17918326130561154641
0.09760099020903938161 -0.23757867706076155057 -0.96645249180509296139
1-73.jpg 454 1080
1614.55960320751546532847 0 180.42878085489905970462
0 1614.55960320751546532847 1014.82053542020753411634
0 0 1
-0.02905648681378044870 -1.19918551447086008110 3.36198906904498118209
0.00187675708293783905 -0.00158173332237125566
12.27550623294642306860 44.71717504469897619401 -23.88689052515278987698
-0.38608870821737079071 -0.90194875481041614229 0.19345271536730021533
-0.91692672286177667740 0.35229929179495045322 -0.18743157125398762775
0.10090041768498395069 -0.24974717755505482231 -0.96303969441258219231
1-75.jpg 419 1080
1632.37919937033279893512 0 157.28003628177506811880
0 1632.37919937033279893512 923.06959365309558052104
0 0 1
-0.31442166975253688088 1.12409741454337419597 -6.50004722141379431832
-0.01561390709486914184 0.00622739215855477000
13.44344423872409421961 47.42778957590069666139 -24.07338586163855254085
-0.38964941538574976443 -0.89892064964123841175 0.20028729050570659442
-0.90864393943092924832 0.33978397377884511643 -0.24272009084230966591
0.15013169027552247803 -0.27656557416213423117 -0.94919542706619886019
1-8.jpg 388 1008
1653.70176938814620370977 0 -131.07821389974088788222
0 1653.70176938814620370977 608.61671856178702455509
0 0 1
-0.70614264398980530757 4.37973218755363813415 -15.55833789556801782794
-0.00890038808478858280 0.00388407684686884304
