_0.0_153x1080 (RGB)
PerspectiveCamera5
F,C0_x,C0_y,R1,R2,R3,T1,T2
1, 0.62005, -0.318947, -0.41837, 0.393265, -0.190386, 0.0297292, 0.124334
0.62005, 1, -0.477053, -0.232246, 0.450195, -0.397632, 0.0818713, 0.0690199
-0.318947, -0.477053, 1, -0.103452, -0.675035, 0.811357, 0.427223, -0.756971
-0.41837, -0.232246, -0.103452, 1, -0.600526, 0.320836, -0.775338, 0.371688
0.393265, 0.450195, -0.675035, -0.600526, 1, -0.942311, 0.159729, 0.385149
-0.190386, -0.397632, 0.811357, 0.320836, -0.942311, 1, 0.0636921, -0.564707
0.0297292, 0.0818713, 0.427223, -0.775338, 0.159729, 0.0636921, 1, -0.613227
0.124334, 0.0690199, -0.756971, 0.371688, 0.385149, -0.564707, -0.613227, 1
_0.0_247x996 (RGB)
PerspectiveCamera5
F,C0_x,C0_y,R1,R2,R3,T1,T2
1, -0.0401293, -0.142647, -0.984689, 0.973189, -0.96547, 0.0128179, -0.092665
-0.0401293, 1, -0.138801, 0.18749, -0.232776, 0.245819, -0.350409, 0.250929
-0.142647, -0.138801, 1, 0.124939, -0.118712, 0.104104, 0.564574, 0.336585
-0.984689, 0.18749, 0.124939, 1, -0.997685, 0.994026, -0.0699513, 0.128499
0.973189, -0.232776, -0.118712, -0.997685, 1, -0.998898, 0.0755197, -0.157747
-0.96547, 0.245819, 0.104104, 0.994026, -0.998898, 1, -0.0890609, 0.15569
0.0128179, -0.350409, 0.564574, -0.0699513, 0.0755197, -0.0890609, 1, 0.597954
-0.092665, 0.250929, 0.336585, 0.128499, -0.157747, 0.15569, 0.597954, 1
_0.0_390x976 (RGB)
PerspectiveCamera5
F,C0_x,C0_y,R1,R2,R3,T1,T2
1, -0.26451, -0.0483774, -0.137816, 0.138203, -0.127247, -0.0264108, 0.00942449
-0.26451, 1, -0.0740543, -0.11005, 0.269824, -0.282371, 0.0806649, -0.395983
-0.0483774, -0.0740543, 1, -0.11516, 0.0492449, -0.0405652, -0.524544, 0.262201
-0.137816, -0.11005, -0.11516, 1, -0.948347, 0.902216, 0.159476, -0.179571
0.138203, 0.269824, 0.0492449, -0.948347, 1, -0.988144, -0.0737967, -0.0446024
-0.127247, -0.282371, -0.0405652, 0.902216, -0.988144, 1, 0.055011, 0.0810855
-0.0264108, 0.0806649, -0.524544, 0.159476, -0.0737967, 0.055011, 1, -0.301206
0.00942449, -0.395983, 0.262201, -0.179571, -0.0446024, 0.0810855, -0.301206, 1
_0.0_387x888 (RGB)
PerspectiveCamera5
F,C0_x,C0_y,R1,R2,R3,T1,T2
1, -0.19885, -0.085307, -0.0849007, 0.0981879, -0.0851174, 0.00368432, -0.0135483
-0.19885, 1, -0.0185637, -0.158453, 0.245811, -0.210998, 0.0221402, -0.237287
-0.085307, -0.0185637, 1, -0.124927, 0.096807, -0.140404, -0.435258, 0.306638
-0.0849007, -0.158453, -0.124927, 1, -0.954165, 0.905553, 0.181189, -0.199452
0.0981879, 0.245811, 0.096807, -0.954165, 1, -0.984009, -0.0905317, 0.0210733
-0.0851174, -0.210998, -0.140404, 0.905553, -0.984009, 1, 0.0902091, -0.00971382
0.00368432, 0.0221402, -0.435258, 0.181189, -0.0905317, 0.0902091, 1, -0.421593
-0.0135483, -0.237287, 0.306638, -0.199452, 0.0210733, -0.00971382, -0.421593, 1
_0.0_438x1035 (RGB)
PerspectiveCamera5
F,C0_x,C0_y,R1,R2,R3,T1,T2
1, -0.267537, -0.125081, -0.0885406, 0.111233, -0.108556, 0.0181745, -0.0266126
-0.267537, 1, 0.0211365, -0.0781622, 0.2574, -0.28967, 0.0736202, -0.406324
-0.125081, 0.0211365, 1, 0.000380684, -0.0815399, 0.100958, -0.567748, 0.228554
-0.0885406, -0.0781622, 0.000380684, 1, -0.924476, 0.85635, 0.0539409, -0.128136
0.111233, 0.2574, -0.0815399, -0.924476, 1, -0.983157, 0.0406855, -0.149886
-0.108556, -0.28967, 0.100958, 0.85635, -0.983157, 1, -0.0662649, 0.206584
0.0181745, 0.0736202, -0.567748, 0.0539409, 0.0406855, -0.0662649, 1, -0.275355
-0.0266126, -0.406324, 0.228554, -0.128136, -0.149886, 0.206584, -0.275355, 1
_0.0_477x1032 (RGB)
PerspectiveCamera5
F,C0_x,C0_y,R1,R2,R3,T1,T2
1, -0.302247, -0.124771, -0.102838, 0.148948, -0.154835, 0.0451985, -0.0744866
-0.302247, 1, 0.123178, 0.0872532, -0.00868849, -0.0227716, -0.061586, -0.181011
-0.124771, 0.123178, 1, -0.0176923, -0.113862, 0.148701, -0.559654, 0.420436
-0.102838, 0.0872532, -0.0176923, 1, -0.934271, 0.864939, 0.131586, -0.224965
0.148948, -0.00868849, -0.113862, -0.934271, 1, -0.981644, 0.00703271, -0.0244237
-0.154835, -0.0227716, 0.148701, 0.864939, -0.981644, 1, -0.0425066, 0.0904934
0.0451985, -0.061586, -0.559654, 0.131586, 0.00703271, -0.0425066, 1, -0.437774
-0.0744866, -0.181011, 0.420436, -0.224965, -0.0244237, 0.0904934, -0.437774, 1
_0.0_432x991 (RGB)
PerspectiveCamera5
F,C0_x,C0_y,R1,R2,R3,T1,T2
1, -0.278192, -0.0798332, -0.0840508, 0.12252, -0.124366, 0.0366903, -0.0428563
-0.278192, 1, 0.11735, 0.0629081, -0.0149805, -0.0150026, -0.0618618, -0.133811
-0.0798332, 0.11735, 1, -0.0248191, -0.100042, 0.116142, -0.49611, 0.46439
-0.0840508, 0.0629081, -0.0248191, 1, -0.941287, 0.878314, 0.145073, -0.237671
0.12252, -0.0149805, -0.100042, -0.941287, 1, -0.982563, 0.0155548, 0.0230762
-0.124366, -0.0150026, 0.116142, 0.878314, -0.982563, 1, -0.0399867, 0.0281809
0.0366903, -0.0618618, -0.49611, 0.145073, 0.0155548, -0.0399867, 1, -0.494103
-0.0428563, -0.133811, 0.46439, -0.237671, 0.0230762, 0.0281809, -0.494103, 1
_0.0_387x1016 (RGB)
PerspectiveCamera5
F,C0_x,C0_y,R1,R2,R3,T1,T2
1, -0.276562, -0.127282, -0.114034, 0.147954, -0.145141, 0.0680155, -0.0473624
-0.276562, 1, 0.161943, 0.0592289, -0.0140547, -0.0169402, -0.127738, -0.134185
-0.127282, 0.161943, 1, 0.0563151, -0.173825, 0.180314, -0.552459, 0.467025
-0.114034, 0.0592289, 0.0563151, 1, -0.942276, 0.875002, 0.0878882, -0.227856
0.147954, -0.0140547, -0.173825, -0.942276, 1, -0.980752, 0.0638501, 0.0117608
-0.145141, -0.0169402, 0.180314, 0.875002, -0.980752, 1, -0.0834954, 0.0455579
0.0680155, -0.127738, -0.552459, 0.0878882, 0.0638501, -0.0834954, 1, -0.506548
-0.0473624, -0.134185, 0.467025, -0.227856, 0.0117608, 0.0455579, -0.506548, 1
_0.0_414x1057 (RGB)
PerspectiveCamera5
F,C0_x,C0_y,R1,R2,R3,T1,T2
1, -0.245302, -0.074677, -0.101609, 0.141551, -0.145448, 0.0285491, 0.0151375
-0.245302, 1, 0.133092, 0.0722909, -0.0217725, -0.00245581, -0.0411393, -0.149564
-0.074677, 0.133092, 1, 0.0905445, -0.245774, 0.273182, -0.435726, 0.389574
-0.101609, 0.0722909, 0.0905445, 1, -0.933205, 0.866762, 0.10123, -0.244025
0.141551, -0.0217725, -0.245774, -0.933205, 1, -0.982089, 0.0930536, 0.0317966
-0.145448, -0.00245581, 0.273182, 0.866762, -0.982089, 1, -0.129638, 0.0266296
0.0285491, -0.0411393, -0.435726, 0.10123, 0.0930536, -0.129638, 1, -0.448507
0.0151375, -0.149564, 0.389574, -0.244025, 0.0317966, 0.0266296, -0.448507, 1
_0.0_441x1035 (RGB)
PerspectiveCamera5
F,C0_x,C0_y,R1,R2,R3,T1,T2
1, -0.194503, -0.0418542, -0.13453, 0.170849, -0.174672, 0.00756352, 0.0657109
-0.194503, 1, 0.158786, 0.000495064, 0.020403, -0.0393139, -0.106351, -0.0650027
-0.0418542, 0.158786, 1, 0.19146, -0.374876, 0.409419, -0.402861, 0.346034
-0.13453, 0.000495064, 0.19146, 1, -0.927523, 0.865611, 0.119129, -0.19168
0.170849, 0.020403, -0.374876, -0.927523, 1, -0.985674, 0.113035, -0.0176654
-0.174672, -0.0393139, 0.409419, 0.865611, -0.985674, 1, -0.157918, 0.0777388
0.00756352, -0.106351, -0.402861, 0.119129, 0.113035, -0.157918, 1, -0.458121
0.0657109, -0.0650027, 0.346034, -0.19168, -0.0176654, 0.0777388, -0.458121, 1
_0.0_411x999 (RGB)
PerspectiveCamera5
F,C0_x,C0_y,R1,R2,R3,T1,T2
1, -0.158869, -0.034957, -0.151538, 0.187261, -0.191844, -0.000109841, 0.0699894
-0.158869, 1, 0.0852903, -0.0344661, 0.0727171, -0.105852, -0.115166, -0.0171102
-0.034957, 0.0852903, 1, 0.280062, -0.505987, 0.559019, -0.343959, 0.336117
-0.151538, -0.0344661, 0.280062, 1, -0.901848, 0.823126, 0.183796, -0.202155
0.187261, 0.0727171, -0.505987, -0.901848, 1, -0.983854, 0.105564, -0.0645759
-0.191844, -0.105852, 0.559019, 0.823126, -0.983854, 1, -0.16625, 0.144593
-0.000109841, -0.115166, -0.343959, 0.183796, 0.105564, -0.16625, 1, -0.53742
0.0699894, -0.0171102, 0.336117, -0.202155, -0.0645759, 0.144593, -0.53742, 1
_0.0_444x1051 (RGB)
PerspectiveCamera5
F,C0_x,C0_y,R1,R2,R3,T1,T2
1, -0.0440149, -0.0010338, -0.174525, 0.187572, -0.169449, -0.0437607, 0.215291
-0.0440149, 1, 0.147042, -0.0936173, 0.0424125, -0.0267218, -0.115994, -0.155934
-0.0010338, 0.147042, 1, 0.158506, -0.323559, 0.300455, -0.269762, 0.0409479
-0.174525, -0.0936173, 0.158506, 1, -0.904955, 0.835293, 0.449563, -0.215736
0.187572, 0.0424125, -0.323559, -0.904955, 1, -0.982713, -0.119725, 0.118505
-0.169449, -0.0267218, 0.300455, 0.835293, -0.982713, 1, 0.0506716, -0.0917285
-0.0437607, -0.115994, -0.269762, 0.449563, -0.119725, 0.0506716, 1, -0.340864
0.215291, -0.155934, 0.0409479, -0.215736, 0.118505, -0.0917285, -0.340864, 1
_0.0_265x960 (RGB)
PerspectiveCamera5
F,C0_x,C0_y,R1,R2,R3,T1,T2
1, 0.12937, 0.0169273, -0.658991, 0.618824, -0.597493, -0.145511, 0.0760448
0.12937, 1, -0.188993, 0.0578707, -0.145682, 0.16103, 0.0916924, -0.271619
0.0169273, -0.188993, 1, -0.0116307, -0.0141413, 0.000211056, -0.55123, 0.363841
-0.658991, 0.0578707, -0.0116307, 1, -0.984171, 0.967617, -0.0142544, -0.285591
0.618824, -0.145682, -0.0141413, -0.984171, 1, -0.995785, -0.0196264, 0.203408
-0.597493, 0.16103, 0.000211056, 0.967617, -0.995785, 1, 0.0344466, -0.183091
-0.145511, 0.0916924, -0.55123, -0.0142544, -0.0196264, 0.0344466, 1, 0.171552
0.0760448, -0.271619, 0.363841, -0.285591, 0.203408, -0.183091, 0.171552, 1
_0.0_453x1061 (RGB)
PerspectiveCamera5
F,C0_x,C0_y,R1,R2,R3,T1,T2
1, -0.0914201, -0.0127917, -0.167855, 0.182996, -0.166971, -0.065627, 0.196643
-0.0914201, 1, 0.177575, -0.106381, 0.0545256, -0.0394924, -0.152568, 0.0227915
-0.0127917, 0.177575, 1, 0.145175, -0.27793, 0.263588, -0.168215, 0.200542
-0.167855, -0.106381, 0.145175, 1, -0.900067, 0.823264, 0.487814, -0.227442
0.182996, 0.0545256, -0.27793, -0.900067, 1, -0.982105, -0.170568, 0.0856416
-0.166971, -0.0394924, 0.263588, 0.823264, -0.982105, 1, 0.0896651, -0.0515097
-0.065627, -0.152568, -0.168215, 0.487814, -0.170568, 0.0896651, 1, -0.401179
0.196643, 0.0227915, 0.200542, -0.227442, 0.0856416, -0.0515097, -0.401179, 1
_0.0_426x1044 (RGB)
PerspectiveCamera5
F,C0_x,C0_y,R1,R2,R3,T1,T2
1, -0.0884898, -0.0448821, -0.179221, 0.213255, -0.205764, -0.0695523, 0.186207
-0.0884898, 1, 0.229998, -0.0405877, -0.0133053, 0.0235144, -0.107449, 0.1312
-0.0448821, 0.229998, 1, 0.0423087, -0.267681, 0.30041, -0.190387, 0.268971
-0.179221, -0.0405877, 0.0423087, 1, -0.88519, 0.796596, 0.541183, -0.194865
0.213255, -0.0133053, -0.267681, -0.88519, 1, -0.980921, -0.207823, 0.0559741
-0.205764, 0.0235144, 0.30041, 0.796596, -0.980921, 1, 0.108546, -0.0202214
-0.0695523, -0.107449, -0.190387, 0.541183, -0.207823, 0.108546, 1, -0.361178
0.186207, 0.1312, 0.268971, -0.194865, 0.0559741, -0.0202214, -0.361178, 1
_0.0_429x1058 (RGB)
PerspectiveCamera5
F,C0_x,C0_y,R1,R2,R3,T1,T2
1, -0.0657736, -0.0323349, -0.151399, 0.171113, -0.155349, -0.0715249, 0.222638
-0.0657736, 1, 0.159541, -0.00491929, -0.0153942, 0.0207989, -0.0314739, 0.154564
-0.0323349, 0.159541, 1, -0.000589403, -0.117492, 0.118005, -0.115059, 0.210362
-0.151399, -0.00491929, -0.000589403, 1, -0.90471, 0.822191, 0.55524, -0.204106
0.171113, -0.0153942, -0.117492, -0.90471, 1, -0.980374, -0.264551, 0.11396
-0.155349, 0.0207989, 0.118005, 0.822191, -0.980374, 1, 0.173805, -0.0898034
-0.0715249, -0.0314739, -0.115059, 0.55524, -0.264551, 0.173805, 1, -0.321834
0.222638, 0.154564, 0.210362, -0.204106, 0.11396, -0.0898034, -0.321834, 1
_0.0_450x1080 (RGB)
PerspectiveCamera5
F,C0_x,C0_y,R1,R2,R3,T1,T2
1, -0.00178285, -0.0276196, -0.153198, 0.176698, -0.161601, -0.0820017, 0.273785
-0.00178285, 1, 0.100661, -0.0492574, 0.053358, -0.0607488, -0.0145585, 0.149661
-0.0276196, 0.100661, 1, 0.0348389, -0.108099, 0.103095, -0.0694847, 0.0755854
-0.153198, -0.0492574, 0.0348389, 1, -0.900719, 0.80571, 0.603942, -0.0457335
0.176698, 0.053358, -0.108099, -0.900719, 1, -0.976165, -0.312835, 0.0130328
-0.161601, -0.0607488, 0.103095, 0.80571, -0.976165, 1, 0.209527, -0.0016152
-0.0820017, -0.0145585, -0.0694847, 0.603942, -0.312835, 0.209527, 1, -0.1795
0.273785, 0.149661, 0.0755854, -0.0457335, 0.0130328, -0.0016152, -0.1795, 1
_0.0_456x1080 (RGB)
PerspectiveCamera5
F,C0_x,C0_y,R1,R2,R3,T1,T2
1, -0.0341135, -0.0301287, -0.0953578, 0.0579295, -0.0262585, -0.0925433, 0.242167
-0.0341135, 1, 0.080464, -0.0214922, 0.0429983, -0.0348504, 0.101898, 0.259137
-0.0301287, 0.080464, 1, 0.0316781, 0.071128, -0.0911425, 0.208656, 0.0601258
-0.0953578, -0.0214922, 0.0316781, 1, -0.897538, 0.805014, 0.561568, -0.168536
0.0579295, 0.0429983, 0.071128, -0.897538, 1, -0.978054, -0.255396, 0.102742
-0.0262585, -0.0348504, -0.0911425, 0.805014, -0.978054, 1, 0.162655, -0.0818834
-0.0925433, 0.101898, 0.208656, 0.561568, -0.255396, 0.162655, 1, -0.243985
0.242167, 0.259137, 0.0601258, -0.168536, 0.102742, -0.0818834, -0.243985, 1
_0.0_462x1080 (RGB)
PerspectiveCamera5
F,C0_x,C0_y,R1,R2,R3,T1,T2
1, -0.0362871, -0.0700149, -0.148113, 0.135025, -0.111609, -0.104435, 0.225508
-0.0362871, 1, 0.169256, 0.0258181, 0.00979669, -0.0167053, 0.12215, 0.308672
-0.0700149, 0.169256, 1, -0.000157369, 0.0413349, -0.0585472, 0.175293, 0.121537
-0.148113, 0.0258181, -0.000157369, 1, -0.920045, 0.842886, 0.518914, -0.134111
0.135025, 0.00979669, 0.0413349, -0.920045, 1, -0.981745, -0.249453, 0.0767817
-0.111609, -0.0167053, -0.0585472, 0.842886, -0.981745, 1, 0.162537, -0.0581202
-0.104435, 0.12215, 0.175293, 0.518914, -0.249453, 0.162537, 1, -0.225902
0.225508, 0.308672, 0.121537, -0.134111, 0.0767817, -0.0581202, -0.225902, 1
_0.0_474x1080 (RGB)
PerspectiveCamera5
F,C0_x,C0_y,R1,R2,R3,T1,T2
1, -0.0614184, -0.061594, -0.124159, 0.115908, -0.0878489, -0.0920401, 0.218872
-0.0614184, 1, 0.101913, -0.01092, 0.0106234, -0.0117896, 0.00581498, 0.289783
-0.061594, 0.101913, 1, 0.0541692, 0.0150704, -0.0699008, 0.136553, 0.117314
-0.124159, -0.01092, 0.0541692, 1, -0.904757, 0.81088, 0.638555, -0.123688
0.115908, 0.0106234, 0.0150704, -0.904757, 1, -0.976971, -0.344593, 0.0655502
-0.0878489, -0.0117896, -0.0699008, 0.81088, -0.976971, 1, 0.23175, -0.0462751
-0.0920401, 0.00581498, 0.136553, 0.638555, -0.344593, 0.23175, 1, -0.227938
0.218872, 0.289783, 0.117314, -0.123688, 0.0655502, -0.0462751, -0.227938, 1
_0.0_468x1080 (RGB)
PerspectiveCamera5
F,C0_x,C0_y,R1,R2,R3,T1,T2
1, 0.0100281, -0.0923169, -0.0824268, -0.071233, 0.180916, -0.135782, 0.268165
0.0100281, 1, 0.00385085, -0.0224435, -0.00878062, 0.0353324, -0.0169872, 0.294937
-0.0923169, 0.00385085, 1, -0.0293749, 0.410978, -0.614993, 0.234512, 0.086103
-0.0824268, -0.0224435, -0.0293749, 1, -0.849352, 0.67259, 0.51426, 0.0236679
-0.071233, -0.00878062, 0.410978, -0.849352, 1, -0.955, -0.13348, -0.0391592
0.180916, 0.0353324, -0.614993, 0.67259, -0.955, 1, -0.0216901, 0.0434157
-0.135782, -0.0169872, 0.234512, 0.51426, -0.13348, -0.0216901, 1, -0.0940869
0.268165, 0.294937, 0.086103, 0.0236679, -0.0391592, 0.0434157, -0.0940869, 1
_0.0_283x995 (RGB)
PerspectiveCamera5
F,C0_x,C0_y,R1,R2,R3,T1,T2
1, -0.0125264, -0.040415, -0.463355, 0.445127, -0.421497, -0.0712417, -0.00601559
-0.0125264, 1, -0.141284, 0.0339126, -0.0990118, 0.129124, 0.120929, -0.340631
-0.040415, -0.141284, 1, -0.159533, 0.107291, -0.090925, -0.876345, 0.478857
-0.463355, 0.0339126, -0.159533, 1, -0.979654, 0.955035, 0.170638, -0.293164
0.445127, -0.0990118, 0.107291, -0.979654, 1, -0.994083, -0.15718, 0.188045
-0.421497, 0.129124, -0.090925, 0.955035, -0.994083, 1, 0.148741, -0.161832
-0.0712417, 0.120929, -0.876345, 0.170638, -0.15718, 0.148741, 1, -0.280516
-0.00601559, -0.340631, 0.478857, -0.293164, 0.188045, -0.161832, -0.280516, 1
_0.0_501x1080 (RGB)
PerspectiveCamera5
F,C0_x,C0_y,R1,R2,R3,T1,T2
1, -0.0568554, -0.0898342, -0.195109, 0.119431, -0.0393809, -0.152276, 0.286486
-0.0568554, 1, 0.146229, -0.0892722, 0.0856872, -0.0871552, -0.0622674, 0.16162
-0.0898342, 0.146229, 1, 0.194671, -0.0903695, -0.0464582, -0.0657566, 0.125895
-0.195109, -0.0892722, 0.194671, 1, -0.916357, 0.813134, 0.456976, -0.0351918
0.119431, 0.0856872, -0.0903695, -0.916357, 1, -0.970617, -0.205562, -0.00616081
-0.0393809, -0.0871552, -0.0464582, 0.813134, -0.970617, 1, 0.13198, 0.0120109
-0.152276, -0.0622674, -0.0657566, 0.456976, -0.205562, 0.13198, 1, -0.196696
0.286486, 0.16162, 0.125895, -0.0351918, -0.00616081, 0.0120109, -0.196696, 1
_0.0_513x1080 (RGB)
PerspectiveCamera5
F,C0_x,C0_y,R1,R2,R3,T1,T2
1, -0.0610969, -0.112045, -0.195974, 0.128144, -0.0526979, -0.110957, 0.258216
-0.0610969, 1, 0.221929, -0.108239, 0.108324, -0.121534, -0.0976627, 0.140671
-0.112045, 0.221929, 1, 0.0817902, -0.022196, -0.108121, -0.261744, 0.151462
-0.195974, -0.108239, 0.0817902, 1, -0.933742, 0.85157, 0.339148, -0.0687953
0.128144, 0.108324, -0.022196, -0.933742, 1, -0.975212, -0.125682, 0.00764974
-0.0526979, -0.121534, -0.108121, 0.85157, -0.975212, 1, 0.0905466, 4.52183e-05
-0.110957, -0.0976627, -0.261744, 0.339148, -0.125682, 0.0905466, 1, -0.273093
0.258216, 0.140671, 0.151462, -0.0687953, 0.00764974, 4.52183e-05, -0.273093, 1
_0.0_510x1080 (RGB)
PerspectiveCamera5
F,C0_x,C0_y,R1,R2,R3,T1,T2
1, -0.0799265, -0.129773, -0.222188, 0.193779, -0.149311, -0.132184, 0.226644
-0.0799265, 1, 0.307648, -0.0764649, 0.0553941, -0.0705589, -0.123172, 0.288312
-0.129773, 0.307648, 1, 0.188706, -0.180849, 0.101447, -0.0854771, 0.199248
-0.222188, -0.0764649, 0.188706, 1, -0.939006, 0.871522, 0.448681, -0.0369619
0.193779, 0.0553941, -0.180849, -0.939006, 1, -0.981391, -0.216399, -0.00690474
-0.149311, -0.0705589, 0.101447, 0.871522, -0.981391, 1, 0.153019, 0.00623367
-0.132184, -0.123172, -0.0854771, 0.448681, -0.216399, 0.153019, 1, -0.217003
0.226644, 0.288312, 0.199248, -0.0369619, -0.00690474, 0.00623367, -0.217003, 1
_0.0_504x1080 (RGB)
PerspectiveCamera5
F,C0_x,C0_y,R1,R2,R3,T1,T2
1, -0.0901232, -0.130361, -0.234552, 0.210957, -0.1896, -0.146784, 0.253997
-0.0901232, 1, 0.320357, -0.0326219, -0.00591518, 0.00903153, -0.120429, 0.253663
-0.130361, 0.320357, 1, 0.236254, -0.235745, 0.206354, -0.00715527, 0.134843
-0.234552, -0.0326219, 0.236254, 1, -0.937369, 0.87524, 0.45457, -0.106506
0.210957, -0.00591518, -0.235745, -0.937369, 1, -0.985079, -0.214063, 0.0359848
-0.1896, 0.00903153, 0.206354, 0.87524, -0.985079, 1, 0.146756, -0.0232251
-0.146784, -0.120429, -0.00715527, 0.45457, -0.214063, 0.146756, 1, -0.287637
0.253997, 0.253663, 0.134843, -0.106506, 0.0359848, -0.0232251, -0.287637, 1
_0.0_525x1080 (RGB)
PerspectiveCamera5
F,C0_x,C0_y,R1,R2,R3,T1,T2
1, -0.099082, -0.103911, -0.189906, 0.133565, -0.0769811, -0.144985, 0.249741
-0.099082, 1, 0.202416, -0.0841148, 0.0740368, -0.0761875, -0.0623103, 0.270093
-0.103911, 0.202416, 1, 0.219546, -0.117979, 0.0118153, -0.000248345, 0.159941
-0.189906, -0.0841148, 0.219546, 1, -0.920101, 0.829329, 0.440558, -0.105706
0.133565, 0.0740368, -0.117979, -0.920101, 1, -0.975984, -0.185106, 0.0331716
-0.0769811, -0.0761875, 0.0118153, 0.829329, -0.975984, 1, 0.109748, -0.0180026
-0.144985, -0.0623103, -0.000248345, 0.440558, -0.185106, 0.109748, 1, -0.27105
0.249741, 0.270093, 0.159941, -0.105706, 0.0331716, -0.0180026, -0.27105, 1
_0.0_486x1080 (RGB)
PerspectiveCamera5
F,C0_x,C0_y,R1,R2,R3,T1,T2
1, -0.0952013, -0.134083, -0.193109, 0.135984, -0.0752945, -0.137349, 0.211793
-0.0952013, 1, 0.324147, -0.0723241, 0.0993952, -0.142539, -0.040422, 0.339542
-0.134083, 0.324147, 1, 0.202533, -0.0919445, -0.0366148, 0.0576209, 0.171018
-0.193109, -0.0723241, 0.202533, 1, -0.923981, 0.830703, 0.413473, -0.0871052
0.135984, 0.0993952, -0.0919445, -0.923981, 1, -0.97422, -0.15731, 0.0254089
-0.0752945, -0.142539, -0.0366148, 0.830703, -0.97422, 1, 0.0770996, -0.0184355
-0.137349, -0.040422, 0.0576209, 0.413473, -0.15731, 0.0770996, 1, -0.255517
0.211793, 0.339542, 0.171018, -0.0871052, 0.0254089, -0.0184355, -0.255517, 1
_0.0_522x1080 (RGB)
PerspectiveCamera5
F,C0_x,C0_y,R1,R2,R3,T1,T2
1, -0.108006, -0.133182, -0.208235, 0.168626, -0.112093, -0.116883, 0.194336
-0.108006, 1, 0.287998, -0.0701637, 0.0341438, -0.0440718, -0.147128, 0.33178
-0.133182, 0.287998, 1, 0.239292, -0.212848, 0.101214, -0.126847, 0.245957
-0.208235, -0.0701637, 0.239292, 1, -0.94052, 0.868182, 0.344145, -0.104038
0.168626, 0.0341438, -0.212848, -0.94052, 1, -0.978346, -0.118559, 0.0200383
-0.112093, -0.0440718, 0.101214, 0.868182, -0.978346, 1, 0.0673704, -0.0154114
-0.116883, -0.147128, -0.126847, 0.344145, -0.118559, 0.0673704, 1, -0.342663
0.194336, 0.33178, 0.245957, -0.104038, 0.0200383, -0.0154114, -0.342663, 1
_0.0_519x1080 (RGB)
PerspectiveCamera5
F,C0_x,C0_y,R1,R2,R3,T1,T2
1, -0.0942374, -0.12646, -0.230159, 0.23022, -0.219075, -0.123037, 0.197226
-0.0942374, 1, 0.29234, 0.00125544, -0.0343265, 0.03813, -0.0500865, 0.388608
-0.12646, 0.29234, 1, 0.222847, -0.311348, 0.311957, -0.159463, 0.244172
-0.230159, 0.00125544, 0.222847, 1, -0.946456, 0.895034, 0.273235, -0.039395
0.23022, -0.0343265, -0.311348, -0.946456, 1, -0.987523, -0.058162, -0.0315485
-0.219075, 0.03813, 0.311957, 0.895034, -0.987523, 1, 0.009656, 0.0428552
-0.123037, -0.0500865, -0.159463, 0.273235, -0.058162, 0.009656, 1, -0.264732
0.197226, 0.388608, 0.244172, -0.039395, -0.0315485, 0.0428552, -0.264732, 1
_0.0_320x1030 (RGB)
PerspectiveCamera5
F,C0_x,C0_y,R1,R2,R3,T1,T2
1, -0.0996656, -0.0838919, -0.294029, 0.293, -0.271246, -0.111843, -0.0732121
-0.0996656, 1, 0.114312, 0.0576124, -0.140901, 0.167774, -0.0410065, -0.267774
-0.0838919, 0.114312, 1, -0.0459577, -0.0193671, 0.0219237, -0.711027, 0.252685
-0.294029, 0.0576124, -0.0459577, 1, -0.964331, 0.927564, 0.0170497, -0.309325
0.293, -0.140901, -0.0193671, -0.964331, 1, -0.991138, -0.0463354, 0.156691
-0.271246, 0.167774, 0.0219237, 0.927564, -0.991138, 1, 0.0591761, -0.124937
-0.111843, -0.0410065, -0.711027, 0.0170497, -0.0463354, 0.0591761, 1, 0.0414011
-0.0732121, -0.267774, 0.252685, -0.309325, 0.156691, -0.124937, 0.0414011, 1
_0.0_546x1080 (RGB)
PerspectiveCamera5
F,C0_x,C0_y,R1,R2,R3,T1,T2
1, -0.0542963, -0.088349, -0.154629, 0.101457, -0.0404721, -0.111724, 0.204541
-0.0542963, 1, 0.106319, -0.0716512, 0.0371791, -0.0292812, -0.0998856, 0.445929
-0.088349, 0.106319, 1, 0.0719561, 0.0460553, -0.164461, 0.0832857, 0.160138
-0.154629, -0.0716512, 0.0719561, 1, -0.930067, 0.84818, 0.460699, -0.0993631
0.101457, 0.0371791, 0.0460553, -0.930067, 1, -0.977718, -0.207789, 0.0418382
-0.0404721, -0.0292812, -0.164461, 0.84818, -0.977718, 1, 0.12823, -0.0305408
-0.111724, -0.0998856, 0.0832857, 0.460699, -0.207789, 0.12823, 1, -0.222871
0.204541, 0.445929, 0.160138, -0.0993631, 0.0418382, -0.0305408, -0.222871, 1
_0.0_528x1080 (RGB)
PerspectiveCamera5
F,C0_x,C0_y,R1,R2,R3,T1,T2
1, -0.0966262, 0.0130509, -0.164776, 0.164737, -0.146068, -0.0467831, 0.172402
-0.0966262, 1, 0.113273, -0.0185677, 0.00398483, 0.00039673, -0.0170748, 0.414643
0.0130509, 0.113273, 1, -0.15079, 0.169151, -0.178635, 0.0464614, 0.165843
-0.164776, -0.0185677, -0.15079, 1, -0.94495, 0.896553, 0.458887, -0.100514
0.164737, 0.00398483, 0.169151, -0.94495, 1, -0.988412, -0.211802, 0.0522018
-0.146068, 0.00039673, -0.178635, 0.896553, -0.988412, 1, 0.153195, -0.0413189
-0.0467831, -0.0170748, 0.0464614, 0.458887, -0.211802, 0.153195, 1, -0.18171
0.172402, 0.414643, 0.165843, -0.100514, 0.0522018, -0.0413189, -0.18171, 1
_0.0_570x1080 (RGB)
PerspectiveCamera5
F,C0_x,C0_y,R1,R2,R3,T1,T2
1, -0.10009, 0.079534, -0.0530538, 0.0514376, -0.0197805, 0.016732, 0.223876
-0.10009, 1, -0.0302689, -0.0693208, 0.0399626, -0.0332161, -0.0818936, 0.275079
0.079534, -0.0302689, 1, -0.0737187, 0.175498, -0.224987, -0.0714749, 0.151883
-0.0530538, -0.0693208, -0.0737187, 1, -0.905366, 0.820714, 0.480725, -0.0902282
0.0514376, 0.0399626, 0.175498, -0.905366, 1, -0.979682, -0.189892, 0.0385665
-0.0197805, -0.0332161, -0.224987, 0.820714, -0.979682, 1, 0.119755, -0.0236891
0.016732, -0.0818936, -0.0714749, 0.480725, -0.189892, 0.119755, 1, -0.200628
0.223876, 0.275079, 0.151883, -0.0902282, 0.0385665, -0.0236891, -0.200628, 1
_0.0_555x1080 (RGB)
PerspectiveCamera5
F,C0_x,C0_y,R1,R2,R3,T1,T2
1, -0.0291058, 0.0378897, -0.119605, 0.152856, -0.17598, -0.0426198, 0.254029
-0.0291058, 1, 0.00668004, 0.0134923, -0.0311206, 0.0418493, 0.0142331, 0.326689
0.0378897, 0.00668004, 1, 0.0400616, -0.0478856, 0.120559, 0.0245691, 0.104695
-0.119605, 0.0134923, 0.0400616, 1, -0.908973, 0.826904, 0.516669, -0.0261168
0.152856, -0.0311206, -0.0478856, -0.908973, 1, -0.9784, -0.21569, -0.0194954
-0.17598, 0.0418493, 0.120559, 0.826904, -0.9784, 1, 0.140999, 0.037376
-0.0426198, 0.0142331, 0.0245691, 0.516669, -0.21569, 0.140999, 1, -0.132542
0.254029, 0.326689, 0.104695, -0.0261168, -0.0194954, 0.037376, -0.132542, 1
_0.0_558x1080 (RGB)
PerspectiveCamera5
F,C0_x,C0_y,R1,R2,R3,T1,T2
1, -0.0668708, 0.0883014, -0.097007, 0.138227, -0.153292, -0.00516854, 0.223509
-0.0668708, 1, -0.0295349, -0.0395552, 0.00182352, 0.00814986, -0.0990239, 0.329619
0.0883014, -0.0295349, 1, -0.0885207, 0.0287445, 0.0449767, -0.111836, 0.145159
-0.097007, -0.0395552, -0.0885207, 1, -0.909735, 0.822052, 0.506036, -0.0480151
0.138227, 0.00182352, 0.0287445, -0.909735, 1, -0.977441, -0.208276, 0.00874208
-0.153292, 0.00814986, 0.0449767, 0.822052, -0.977441, 1, 0.125581, 0.00779793
-0.00516854, -0.0990239, -0.111836, 0.506036, -0.208276, 0.125581, 1, -0.152703
0.223509, 0.329619, 0.145159, -0.0480151, 0.00874208, 0.00779793, -0.152703, 1
_0.0_606x1080 (RGB)
PerspectiveCamera5
F,C0_x,C0_y,R1,R2,R3,T1,T2
1, -0.0302916, 0.0258052, -0.112666, 0.129977, -0.134446, -0.0505066, 0.215766
-0.0302916, 1, 0.0142172, -0.0302551, 0.0239925, -0.021279, -0.0142414, 0.501587
0.0258052, 0.0142172, 1, -0.0393825, 0.0479553, -0.00745068, 0.087987, 0.110097
-0.112666, -0.0302551, -0.0393825, 1, -0.91436, 0.837908, 0.495623, -0.0268363
0.129977, 0.0239925, 0.0479553, -0.91436, 1, -0.980987, -0.201089, -0.0016547
-0.134446, -0.021279, -0.00745068, 0.837908, -0.980987, 1, 0.130555, 0.0163471
-0.0505066, -0.0142414, 0.087987, 0.495623, -0.201089, 0.130555, 1, -0.0886464
0.215766, 0.501587, 0.110097, -0.0268363, -0.0016547, 0.0163471, -0.0886464, 1
_0.0_573x1080 (RGB)
PerspectiveCamera5
F,C0_x,C0_y,R1,R2,R3,T1,T2
1, -0.0709599, 0.0230342, -0.12561, 0.126739, -0.109515, -0.0471824, 0.190272
-0.0709599, 1, 0.0479507, -0.120053, 0.105262, -0.0983994, -0.0433384, 0.444378
0.0230342, 0.0479507, 1, 0.0189249, -0.0136613, 0.00137484, 0.00743261, 0.141037
-0.12561, -0.120053, 0.0189249, 1, -0.927792, 0.86311, 0.449182, -0.149753
0.126739, 0.105262, -0.0136613, -0.927792, 1, -0.984296, -0.183074, 0.0695349
-0.109515, -0.0983994, 0.00137484, 0.86311, -0.984296, 1, 0.120463, -0.0491832
-0.0471824, -0.0433384, 0.00743261, 0.449182, -0.183074, 0.120463, 1, -0.265646
0.190272, 0.444378, 0.141037, -0.149753, 0.0695349, -0.0491832, -0.265646, 1
_0.0_579x1080 (RGB)
PerspectiveCamera5
F,C0_x,C0_y,R1,R2,R3,T1,T2
1, -0.141367, -0.0890448, -0.16353, 0.167799, -0.180706, -0.13208, 0.155318
-0.141367, 1, 0.166604, -0.0723646, 0.0542338, -0.0388832, 0.00187317, 0.459727
-0.0890448, 0.166604, 1, 0.106181, -0.104834, 0.14814, 0.0869832, 0.165799
-0.16353, -0.0723646, 0.106181, 1, -0.93736, 0.878327, 0.425089, -0.23588
0.167799, 0.0542338, -0.104834, -0.93736, 1, -0.984747, -0.192678, 0.124746
-0.180706, -0.0388832, 0.14814, 0.878327, -0.984747, 1, 0.142481, -0.09414
-0.13208, 0.00187317, 0.0869832, 0.425089, -0.192678, 0.142481, 1, -0.374106
0.155318, 0.459727, 0.165799, -0.23588, 0.124746, -0.09414, -0.374106, 1
_0.0_621x1080 (RGB)
PerspectiveCamera5
F,C0_x,C0_y,R1,R2,R3,T1,T2
1, -0.114499, 0.0510446, -0.068574, 0.0424025, -0.0134382, -0.0430374, 0.20265
-0.114499, 1, -0.0170014, -0.0777996, 0.0498097, -0.0354352, -0.0522074, 0.313211
0.0510446, -0.0170014, 1, 0.049287, 0.117098, -0.175645, 0.093275, 0.124694
-0.068574, -0.0777996, 0.049287, 1, -0.890747, 0.798083, 0.500928, -0.106619
0.0424025, 0.0498097, 0.117098, -0.890747, 1, -0.978969, -0.170787, 0.0417652
-0.0134382, -0.0354352, -0.175645, 0.798083, -0.978969, 1, 0.0852381, -0.0236002
-0.0430374, -0.0522074, 0.093275, 0.500928, -0.170787, 0.0852381, 1, -0.223254
0.20265, 0.313211, 0.124694, -0.106619, 0.0417652, -0.0236002, -0.223254, 1
_0.0_343x967 (RGB)
PerspectiveCamera5
F,C0_x,C0_y,R1,R2,R3,T1,T2
1, -0.216775, -0.183837, -0.213447, 0.2135, -0.192656, 0.0609556, -0.0380517
-0.216775, 1, -0.012616, 0.0226838, 0.0859791, -0.158965, -0.0647319, -0.375881
-0.183837, -0.012616, 1, -0.106749, 0.0945688, -0.117098, -0.754107, 0.370741
-0.213447, 0.0226838, -0.106749, 1, -0.968574, 0.925724, 0.118611, -0.300222
0.2135, 0.0859791, 0.0945688, -0.968574, 1, -0.987722, -0.121292, 0.139002
-0.192656, -0.158965, -0.117098, 0.925724, -0.987722, 1, 0.140844, -0.0965712
0.0609556, -0.0647319, -0.754107, 0.118611, -0.121292, 0.140844, 1, -0.282134
-0.0380517, -0.375881, 0.370741, -0.300222, 0.139002, -0.0965712, -0.282134, 1
_0.0_627x1080 (RGB)
PerspectiveCamera5
F,C0_x,C0_y,R1,R2,R3,T1,T2
1, -0.0707248, -0.0762239, -0.115651, 0.00397234, 0.071326, -0.134547, 0.19403
-0.0707248, 1, 0.0546898, -0.132041, 0.110656, -0.0997275, -0.0551128, 0.43029
-0.0762239, 0.0546898, 1, 0.0639772, 0.2353, -0.381883, 0.214898, 0.102717
-0.115651, -0.132041, 0.0639772, 1, -0.887098, 0.770435, 0.449718, -0.164285
0.00397234, 0.110656, 0.2353, -0.887098, 1, -0.973241, -0.12007, 0.0820879
0.071326, -0.0997275, -0.381883, 0.770435, -0.973241, 1, 0.0131793, -0.0590956
-0.134547, -0.0551128, 0.214898, 0.449718, -0.12007, 0.0131793, 1, -0.2819
0.19403, 0.43029, 0.102717, -0.164285, 0.0820879, -0.0590956, -0.2819, 1
_0.0_639x1080 (RGB)
PerspectiveCamera5
F,C0_x,C0_y,R1,R2,R3,T1,T2
1, -0.0759621, -0.0683643, -0.137512, 0.0230743, 0.0584292, -0.154639, 0.213786
-0.0759621, 1, 0.111492, -0.159591, 0.166709, -0.166437, -0.0219578, 0.372722
-0.0683643, 0.111492, 1, 0.151426, 0.154232, -0.321034, 0.236137, 0.073752
-0.137512, -0.159591, 0.151426, 1, -0.882539, 0.752692, 0.474486, -0.198141
0.0230743, 0.166709, 0.154232, -0.882539, 1, -0.96912, -0.140618, 0.0924154
0.0584292, -0.166437, -0.321034, 0.752692, -0.96912, 1, 0.020885, -0.0594006
-0.154639, -0.0219578, 0.236137, 0.474486, -0.140618, 0.020885, 1, -0.334209
0.213786, 0.372722, 0.073752, -0.198141, 0.0924154, -0.0594006, -0.334209, 1
_0.0_594x1080 (RGB)
PerspectiveCamera5
F,C0_x,C0_y,R1,R2,R3,T1,T2
1, -0.119668, 0.0799641, -0.0564598, 0.0569891, -0.0344668, 3.9028e-05, 0.19563
-0.119668, 1, -0.0159328, -0.0452689, 0.0446065, -0.0371577, 0.0262919, 0.257046
0.0799641, -0.0159328, 1, -0.0262822, 0.146147, -0.182695, 0.0729943, 0.122117
-0.0564598, -0.0452689, -0.0262822, 1, -0.896952, 0.812149, 0.484544, -0.147318
0.0569891, 0.0446065, 0.146147, -0.896952, 1, -0.980785, -0.155323, 0.0703285
-0.0344668, -0.0371577, -0.182695, 0.812149, -0.980785, 1, 0.0754763, -0.0459007
3.9028e-05, 0.0262919, 0.0729943, 0.484544, -0.155323, 0.0754763, 1, -0.251342
0.19563, 0.257046, 0.122117, -0.147318, 0.0703285, -0.0459007, -0.251342, 1
_0.0_612x1080 (RGB)
PerspectiveCamera5
F,C0_x,C0_y,R1,R2,R3,T1,T2
1, -0.0994623, -0.0155155, -0.0825372, 0.0149472, 0.0344029, -0.0931859, 0.216729
-0.0994623, 1, 0.0793189, -0.0523119, 0.0618224, -0.0640799, 0.0206451, 0.316111
-0.0155155, 0.0793189, 1, 0.0692574, 0.13565, -0.235046, 0.0530169, 0.124813
-0.0825372, -0.0523119, 0.0692574, 1, -0.894353, 0.794444, 0.453453, -0.132009
0.0149472, 0.0618224, 0.13565, -0.894353, 1, -0.977109, -0.148807, 0.0547157
0.0344029, -0.0640799, -0.235046, 0.794444, -0.977109, 1, 0.0654833, -0.0345902
-0.0931859, 0.0206451, 0.0530169, 0.453453, -0.148807, 0.0654833, 1, -0.268758
0.216729, 0.316111, 0.124813, -0.132009, 0.0547157, -0.0345902, -0.268758, 1
_0.0_582x1080 (RGB)
PerspectiveCamera5
F,C0_x,C0_y,R1,R2,R3,T1,T2
1, -0.0676231, -0.0413402, -0.0870645, 0.00899498, 0.0382524, -0.106602, 0.200069
-0.0676231, 1, 0.0802478, -0.0357958, 0.0641839, -0.0679894, 0.101783, 0.449276
-0.0413402, 0.0802478, 1, 0.00765043, 0.242523, -0.33853, 0.23264, 0.091237
-0.0870645, -0.0357958, 0.00765043, 1, -0.897402, 0.806452, 0.467298, -0.125464
0.00899498, 0.0641839, 0.242523, -0.897402, 1, -0.980733, -0.138862, 0.0538736
0.0382524, -0.0679894, -0.33853, 0.806452, -0.980733, 1, 0.043298, -0.0318143
-0.106602, 0.101783, 0.23264, 0.467298, -0.138862, 0.043298, 1, -0.213131
0.200069, 0.449276, 0.091237, -0.125464, 0.0538736, -0.0318143, -0.213131, 1
_0.0_615x1080 (RGB)
PerspectiveCamera5
F,C0_x,C0_y,R1,R2,R3,T1,T2
1, -0.0837476, 0.0358787, -0.122367, 0.167168, -0.199005, -0.0547955, 0.214698
-0.0837476, 1, 0.019002, -0.00829649, -0.0148149, 0.0320225, -0.00581297, 0.325457
0.0358787, 0.019002, 1, 0.0902133, -0.107335, 0.193807, 0.0855242, 0.126999
-0.122367, -0.00829649, 0.0902133, 1, -0.909519, 0.82761, 0.526139, -0.074022
0.167168, -0.0148149, -0.107335, -0.909519, 1, -0.977622, -0.224748, 0.00575535
-0.199005, 0.0320225, 0.193807, 0.82761, -0.977622, 1, 0.15604, 0.0182301
-0.0547955, -0.00581297, 0.0855242, 0.526139, -0.224748, 0.15604, 1, -0.198654
0.214698, 0.325457, 0.126999, -0.074022, 0.00575535, 0.0182301, -0.198654, 1
_0.0_588x1080 (RGB)
PerspectiveCamera5
F,C0_x,C0_y,R1,R2,R3,T1,T2
1, -0.0911682, 0.0617392, -0.048579, 0.0311481, -0.0022819, -0.0204718, 0.214292
-0.0911682, 1, -0.0186453, -0.0421929, 0.0344014, -0.0315598, -0.0146409, 0.305145
0.0617392, -0.0186453, 1, -0.0410348, 0.188175, -0.240862, 0.0826559, 0.0663644
-0.048579, -0.0421929, -0.0410348, 1, -0.898691, 0.812401, 0.493748, -0.127155
0.0311481, 0.0344014, 0.188175, -0.898691, 1, -0.980173, -0.17419, 0.048389
-0.0022819, -0.0315598, -0.240862, 0.812401, -0.980173, 1, 0.0941476, -0.02504
-0.0204718, -0.0146409, 0.0826559, 0.493748, -0.17419, 0.0941476, 1, -0.266487
0.214292, 0.305145, 0.0663644, -0.127155, 0.048389, -0.02504, -0.266487, 1
_0.0_537x1080 (RGB)
PerspectiveCamera5
F,C0_x,C0_y,R1,R2,R3,T1,T2
1, -0.0266984, -0.00579603, -0.0933661, 0.0605524, -0.0418286, -0.0829242, 0.226996
-0.0266984, 1, 0.0299117, 0.0114456, 0.00742858, -0.0118391, 0.0698521, 0.417397
-0.00579603, 0.0299117, 1, -0.0371811, 0.163058, -0.179497, 0.16621, 0.0628437
-0.0933661, 0.0114456, -0.0371811, 1, -0.902248, 0.821297, 0.528939, -0.0577682
0.0605524, 0.00742858, 0.163058, -0.902248, 1, -0.981465, -0.201593, 0.00561175
-0.0418286, -0.0118391, -0.179497, 0.821297, -0.981465, 1, 0.11766, 0.0120762
-0.0829242, 0.0698521, 0.16621, 0.528939, -0.201593, 0.11766, 1, -0.149655
0.226996, 0.417397, 0.0628437, -0.0577682, 0.00561175, 0.0120762, -0.149655, 1
_0.0_354x942 (RGB)
PerspectiveCamera5
F,C0_x,C0_y,R1,R2,R3,T1,T2
1, -0.265803, -0.151779, -0.175032, 0.175835, -0.161051, 0.0483022, -0.0453643
-0.265803, 1, -0.0430452, -0.0795561, 0.223164, -0.262234, -0.122319, -0.262407
-0.151779, -0.0430452, 1, -0.0414438, 0.00698264, -0.0265846, -0.576787, 0.363157
-0.175032, -0.0795561, -0.0414438, 1, -0.95736, 0.913214, 0.11052, -0.188919
0.175835, 0.223164, 0.00698264, -0.95736, 1, -0.988461, -0.0854333, -0.00502564
-0.161051, -0.262234, -0.0265846, 0.913214, -0.988461, 1, 0.0947635, 0.0375511
0.0483022, -0.122319, -0.576787, 0.11052, -0.0854333, 0.0947635, 1, -0.320323
-0.0453643, -0.262407, 0.363157, -0.188919, -0.00502564, 0.0375511, -0.320323, 1
_0.0_597x1080 (RGB)
PerspectiveCamera5
F,C0_x,C0_y,R1,R2,R3,T1,T2
1, -0.050442, -0.0372732, -0.149361, 0.164235, -0.184309, -0.117421, 0.206776
-0.050442, 1, 0.0711133, 0.00990351, -0.00133604, 0.0133682, 0.0745391, 0.414657
-0.0372732, 0.0711133, 1, 0.0813596, -0.0805808, 0.157683, 0.203084, 0.113884
-0.149361, 0.00990351, 0.0813596, 1, -0.910532, 0.833521, 0.547026, -0.097793
0.164235, -0.00133604, -0.0805808, -0.910532, 1, -0.979458, -0.249169, 0.0317908
-0.184309, 0.0133682, 0.157683, 0.833521, -0.979458, 1, 0.190883, -0.0088963
-0.117421, 0.0745391, 0.203084, 0.547026, -0.249169, 0.190883, 1, -0.187412
0.206776, 0.414657, 0.113884, -0.097793, 0.0317908, -0.0088963, -0.187412, 1
_0.0_642x1080 (RGB)
PerspectiveCamera5
F,C0_x,C0_y,R1,R2,R3,T1,T2
1, -0.0556925, 0.0205441, -0.126424, 0.152074, -0.18543, -0.0709995, 0.212893
-0.0556925, 1, 0.0498232, -0.000523705, -0.0393681, 0.0645886, -0.0337066, 0.392338
0.0205441, 0.0498232, 1, 0.0593315, -0.0306424, 0.128649, 0.186027, 0.100206
-0.126424, -0.000523705, 0.0593315, 1, -0.904483, 0.8239, 0.547231, -0.0582607
0.152074, -0.0393681, -0.0306424, -0.904483, 1, -0.975878, -0.227789, -0.0111374
-0.18543, 0.0645886, 0.128649, 0.8239, -0.975878, 1, 0.169658, 0.0358937
-0.0709995, -0.0337066, 0.186027, 0.547231, -0.227789, 0.169658, 1, -0.182994
0.212893, 0.392338, 0.100206, -0.0582607, -0.0111374, 0.0358937, -0.182994, 1
_0.0_660x1080 (RGB)
PerspectiveCamera5
F,C0_x,C0_y,R1,R2,R3,T1,T2
1, -0.104183, 0.0248501, -0.103088, 0.0809534, -0.0556713, -0.0663557, 0.202507
-0.104183, 1, -0.00198206, -0.0513857, 0.0465563, -0.0429904, -0.00831414, 0.337515
0.0248501, -0.00198206, 1, 0.0753055, 0.0567735, -0.0993987, 0.169088, 0.0653862
-0.103088, -0.0513857, 0.0753055, 1, -0.896734, 0.811798, 0.526424, -0.126658
0.0809534, 0.0465563, 0.0567735, -0.896734, 1, -0.980765, -0.18871, 0.0546004
-0.0556713, -0.0429904, -0.0993987, 0.811798, -0.980765, 1, 0.101923, -0.0324987
-0.0663557, -0.00831414, 0.169088, 0.526424, -0.18871, 0.101923, 1, -0.231985
0.202507, 0.337515, 0.0653862, -0.126658, 0.0546004, -0.0324987, -0.231985, 1
_0.0_596x1080 (RGB)
PerspectiveCamera5
F,C0_x,C0_y,R1,R2,R3,T1,T2
1, -0.102654, 0.127039, -0.0555193, 0.0739239, -0.0665691, 0.0266943, 0.193318
-0.102654, 1, -0.122034, -0.02193, -0.012498, 0.0205307, -0.0637789, 0.33818
0.127039, -0.122034, 1, -0.152804, 0.215141, -0.196636, 0.0861018, 0.00538691
-0.0555193, -0.02193, -0.152804, 1, -0.899924, 0.819809, 0.535608, -0.138364
0.0739239, -0.012498, 0.215141, -0.899924, 1, -0.981448, -0.202795, 0.0527913
-0.0665691, 0.0205307, -0.196636, 0.819809, -0.981448, 1, 0.125342, -0.0306222
0.0266943, -0.0637789, 0.0861018, 0.535608, -0.202795, 0.125342, 1, -0.279405
0.193318, 0.33818, 0.00538691, -0.138364, 0.0527913, -0.0306222, -0.279405, 1
_0.0_351x972 (RGB)
PerspectiveCamera5
F,C0_x,C0_y,R1,R2,R3,T1,T2
1, -0.254165, -0.147111, -0.152266, 0.149252, -0.136199, 0.0483684, -0.016673
-0.254165, 1, -0.0446932, -0.123026, 0.279257, -0.314674, -0.0413124, -0.402832
-0.147111, -0.0446932, 1, 0.00532303, -0.0402334, 0.0318406, -0.599683, 0.278485
-0.152266, -0.123026, 0.00532303, 1, -0.94934, 0.897126, 0.0763952, -0.067595
0.149252, 0.279257, -0.0402334, -0.94934, 1, -0.987145, -0.0478352, -0.158754
-0.136199, -0.314674, 0.0318406, 0.897126, -0.987145, 1, 0.0516873, 0.209951
0.0483684, -0.0413124, -0.599683, 0.0763952, -0.0478352, 0.0516873, 1, -0.255133
-0.016673, -0.402832, 0.278485, -0.067595, -0.158754, 0.209951, -0.255133, 1
_0.0_556x1080 (RGB)
PerspectiveCamera5
F,C0_x,C0_y,R1,R2,R3,T1,T2
1, -0.0726676, 0.10607, -0.0767802, 0.115746, -0.131958, -0.00555818, 0.199078
-0.0726676, 1, -0.104562, -0.0232401, -0.0266264, 0.0322722, -0.095702, 0.380151
0.10607, -0.104562, 1, -0.156165, 0.134808, -0.0303325, 0.130932, -0.0223873
-0.0767802, -0.0232401, -0.156165, 1, -0.887369, 0.786838, 0.559534, -0.155377
0.115746, -0.0266264, 0.134808, -0.887369, 1, -0.973484, -0.220489, 0.0563688
-0.131958, 0.0322722, -0.0303325, 0.786838, -0.973484, 1, 0.146835, -0.0367721
-0.00555818, -0.095702, 0.130932, 0.559534, -0.220489, 0.146835, 1, -0.312155
0.199078, 0.380151, -0.0223873, -0.155377, 0.0563688, -0.0367721, -0.312155, 1
_0.0_527x1080 (RGB)
PerspectiveCamera5
F,C0_x,C0_y,R1,R2,R3,T1,T2
1, -0.0482991, 0.0245026, -0.104313, 0.0996569, -0.104853, -0.0975761, 0.224149
-0.0482991, 1, -0.0934595, -0.0609069, 0.0135966, -0.00481594, -0.0917446, 0.36026
0.0245026, -0.0934595, 1, -0.0758861, 0.118279, -0.0495377, 0.243428, -0.050817
-0.104313, -0.0609069, -0.0758861, 1, -0.882871, 0.791768, 0.570099, -0.225783
0.0996569, 0.0135966, 0.118279, -0.882871, 1, -0.977404, -0.216327, 0.0986044
-0.104853, -0.00481594, -0.0495377, 0.791768, -0.977404, 1, 0.146747, -0.0685935
-0.0975761, -0.0917446, 0.243428, 0.570099, -0.216327, 0.146747, 1, -0.361504
0.224149, 0.36026, -0.050817, -0.225783, 0.0986044, -0.0685935, -0.361504, 1
_0.0_511x1080 (RGB)
PerspectiveCamera5
F,C0_x,C0_y,R1,R2,R3,T1,T2
1, -0.0614425, -0.00924553, -0.0639731, 0.00541866, 0.0207835, -0.114002, 0.20192
-0.0614425, 1, -0.075942, -0.0535114, -0.00035651, 0.0188427, -0.0710532, 0.394333
-0.00924553, -0.075942, 1, -0.170074, 0.381628, -0.401664, 0.338271, -0.0600175
-0.0639731, -0.0535114, -0.170074, 1, -0.863078, 0.769811, 0.551798, -0.262804
0.00541866, -0.00035651, 0.381628, -0.863078, 1, -0.981097, -0.127265, 0.093481
0.0207835, 0.0188427, -0.401664, 0.769811, -0.981097, 1, 0.0260811, -0.0455314
