# Camera parameter file. 

# The format of each camera is as follows:
# Filename (of the undistorted image in visualize folder)
# Original filename
# Focal Length (of the undistorted image)
# 2-vec Principal Point (image center)
# 3-vec Translation T (as in P = K[R T])
# 3-vec Camera Position C (as in P = K[R -RC])
# 3-vec Axis Angle format of R
# 4-vec Quaternion format of R
# 3x3 Matrix format of R
# [Normalized radial distortion] = [radial distortion] * [focal length]^2
# 3-vec Lat/Lng/Alt from EXIF

# The nubmer of cameras in this reconstruction
51

00000000.jpg
D:\Automated-3D-Modeling-Project\Demonstration-for-regular-meeting\7.27\1time-40frame\images\1-20.jpg
6091.35693359
250.5 540
-1.55252616857 0.102491050773 10.0308825921
4.23648339901 -0.000202549501419 -9.22450464994
-0.0264111200031 0.277188269583 0.052747899523
0.989977653426 -0.0131614135543 0.138130811869 0.0262857811279
0.960459231212 -0.055680798647 0.272801065585
0.0484085450309 0.998269568122 0.0333211224698
-0.274184602414 -0.0187968987553 0.961494217799
3.32551284227
0 0 0

00000001.jpg
D:\Automated-3D-Modeling-Project\Demonstration-for-regular-meeting\7.27\1time-40frame\images\1-23.jpg
5478.95410156
262.5 540
-0.687777259275 0.201202933202 8.12637930049
1.93935538502 -0.103380441012 -7.92335895025
-0.0199561598731 0.156513326732 0.0476146771751
0.996606885564 -0.00996679179257 0.0781681320567 0.0237804054834
0.986649029544 -0.0489569628721 0.155331476137
0.0458419005131 0.9986701938 0.0235838999513
-0.15628011842 -0.0161479933585 0.987581914068
2.0634132937
0 0 0

00000002.jpg
D:\Automated-3D-Modeling-Project\Demonstration-for-regular-meeting\7.27\1time-40frame\images\1-22.jpg
5563.6875
252 540
-0.897439095225 0.172832301089 8.36330133431
2.44801233975 -0.0732212484921 -8.04871687981
-0.0219773289469 0.189074979151 0.0484594127025
0.995181460555 -0.0109710090261 0.0943855965343 0.02419077657
0.981013431111 -0.0502201116582 0.187330613238
0.0460767377774 0.998588462806 0.0264030693265
-0.18839257002 -0.017269509819 0.981942663814
2.27632283474
0 0 0

00000003.jpg
D:\Automated-3D-Modeling-Project\Demonstration-for-regular-meeting\7.27\1time-40frame\images\1-21.jpg
5883.41210938
256.5 540
-1.34803180076 0.121616373434 9.34150760261
3.58936225407 -0.0162981988093 -8.7299453553
-0.0254437715954 0.247108874071 0.050691898793
0.991975942689 -0.0126878405136 0.123223790622 0.0252781206121
0.968355080597 -0.0532774522085 0.243828983338
0.0470236978861 0.99839997284 0.0314010371506
-0.245111160117 -0.018943093066 0.969310030056
2.99153650377
0 0 0

00000004.jpg
D:\Automated-3D-Modeling-Project\Demonstration-for-regular-meeting\7.27\1time-40frame\images\1-19.jpg
6373.7890625
234 540
-1.97709426074 0.0764136958435 11.0817372796
5.50361792827 0.00620024751824 -9.81986459718
-0.0270068084025 0.334369479919 0.0535848749266
0.985609123625 -0.013438566569 0.166381989592 0.0266637915173
0.94321264556 -0.05703175442 0.32725849962
0.0480885503397 0.998215706606 0.0353634090021
-0.328691928174 -0.0176172862734 0.944273026123
3.31829441573
0 0 0

00000005.jpg
D:\Automated-3D-Modeling-Project\Demonstration-for-regular-meeting\7.27\1time-40frame\images\1-24.jpg
5242.67089844
261 540
-0.217972618079 0.254520438686 7.45938608669
0.923971423558 -0.16137203429 -7.40775067891
-0.0159304233858 0.0961270250284 0.0444146956543
0.99856744809 -0.00796140780311 0.0480405591627 0.0221967424212
0.994399311135 -0.0450940916355 0.0955891855719
0.0435656861063 0.998889368905 0.0180326098967
-0.0962977686996 -0.0137674007959 0.995259113501
1.39583220819
0 0 0

00000006.jpg
D:\Automated-3D-Modeling-Project\Demonstration-for-regular-meeting\7.27\1time-40frame\images\1-25.jpg
5133.22802734
259.5 540
0.00610908262014 0.278770890626 7.14357244109
0.43340797419 -0.187202277441 -7.13339440281
-0.0141326521556 0.0629699164629 0.0438275561851
0.999239803001 -0.00706453538709 0.0314769795701 0.0219082248816
0.997059429791 -0.0442267709895 0.0625959981002
0.0433395102697 0.998941043544 0.0154976067985
-0.0632162053585 -0.0127390529954 0.997920262269
1.17074931773
0 0 0

00000007.jpg
D:\Automated-3D-Modeling-Project\Demonstration-for-regular-meeting\7.27\1time-40frame\images\1-26.jpg
4949.58691406
262.5 540
0.496084886067 0.320502136138 6.61625952106
-0.506219865775 -0.222993616716 -6.61948555059
-0.0114501420922 0.000248886933035 0.0433342672506
0.999749353663 -0.00572459271542 0.000124433069244 0.0216653233325
0.999062113255 -0.0433205351236 -2.77555756156e-017
0.0433190368705 0.998996845244 0.0114515333433
-0.000497607522204 -0.0114410981256 0.999936122097
0.941958504773
0 0 0

00000008.jpg
D:\Automated-3D-Modeling-Project\Demonstration-for-regular-meeting\7.27\1time-40frame\images\1-27.jpg
4862.46923828
273 540
0.72762586083 0.341888055398 6.37167837493
-0.960088590791 -0.241652284985 -6.34542821956
-0.0100956854443 -0.0345909372736 0.0426808511946
0.999610008417 -0.00504718649971 -0.0172932202159 0.0213376513297
0.998491587002 -0.0424839707944 -0.0347885380774
0.0428333485068 0.999038250758 0.00935230343085
0.0343573659449 -0.010828569127 0.999350837947
1.00968429116
0 0 0

00000009.jpg
D:\Automated-3D-Modeling-Project\Demonstration-for-regular-meeting\7.27\1time-40frame\images\1-28.jpg
4698.46289063
285 540
1.22555259888 0.372554127759 5.92406799198
-1.82926025842 -0.256003604411 -5.77266241609
-0.00882419606644 -0.100841717333 0.0424440334825
0.998494500313 -0.00440988367351 -0.0503955532635 0.0212113657588
0.9940215142 -0.0419138298542 -0.100827195424
0.0428038983627 0.999061545763 0.00666785930995
0.100451535672 -0.0109451190701 0.994882008655
0.889602412226
0 0 0

00000010.jpg
D:\Automated-3D-Modeling-Project\Demonstration-for-regular-meeting\7.27\1time-40frame\images\1-29.jpg
4632.68701172
277.5 540
1.47376983265 0.382445908036 5.74516893414
-2.24746422482 -0.257019498491 -5.49618043536
-0.00862632173036 -0.135076244267 0.0412407499787
0.997498817863 -0.0043095642649 -0.067481804357 0.0206031803498
0.990044714813 -0.0405212448632 -0.134803706601
0.0416853473093 0.99911444511 0.00581634610025
0.134448373693 -0.0113787949387 0.990856406627
0.905028255645
0 0 0

00000011.jpg
D:\Automated-3D-Modeling-Project\Demonstration-for-regular-meeting\7.27\1time-40frame\images\1-30.jpg
4500.37695313
303 540
1.9711895197 0.403228705599 5.40569562172
-3.04242407457 -0.254727227605 -4.89371719664
-0.00819592873654 -0.20456582241 0.0421868145387
0.994543320713 -0.00409050789413 -0.102096801758 0.0210550266414
0.978266611763 -0.0410441997404 -0.203251895461
0.0427163447142 0.999079395679 0.00383649988151
0.202906873557 -0.0124362493362 0.979119659657
0.99949823173
0 0 0

00000012.jpg
D:\Automated-3D-Modeling-Project\Demonstration-for-regular-meeting\7.27\1time-40frame\images\1-31.jpg
4419.83496094
285 540
2.22140051126 0.409755158541 5.19394609615
-3.39913370929 -0.24507680407 -4.52387204047
-0.0086659532632 -0.238279309039 0.043328411098
0.99266785248 -0.00432238143809 -0.118848328763 0.0216112312383
0.970817070056 -0.0418776437544 -0.236141356004
0.0439334542568 0.999027408097 0.00344417983448
0.235766305132 -0.0137185765645 0.971713383233
0.911193981538
0 0 0

00000013.jpg
D:\Automated-3D-Modeling-Project\Demonstration-for-regular-meeting\7.27\1time-40frame\images\1-32.jpg
4358.11621094
289.5 540
2.70239754787 0.404873650534 5.0587652698
-4.12133231203 -0.207866212775 -4.00367124314
-0.011508709642 -0.307782544091 0.0419923431341
0.98794615817 -0.00573121549366 -0.153272446716 0.0209117420694
0.952142333811 -0.0395628489959 -0.303090230149
0.0430758519564 0.999058355789 0.00491380836338
0.302609469394 -0.0177347209511 0.952949756171
1.14352004804
0 0 0

00000014.jpg
D:\Automated-3D-Modeling-Project\Demonstration-for-regular-meeting\7.27\1time-40frame\images\1-33.jpg
4328.60302734
310.5 540
2.93065048808 0.396985849055 4.99626810649
-4.45065968413 -0.179949548961 -3.72400911191
-0.0133560279179 -0.342338387314 0.0424437067972
0.985140156984 -0.00664490299375 -0.170320501629 0.0211166310896
0.941091080542 -0.0393425985916 -0.335860069813
0.0438687664745 0.999019832468 0.00589894648461
0.335298193037 -0.020285696629 0.941893602601
1.16750931914
0 0 0

00000015.jpg
D:\Automated-3D-Modeling-Project\Demonstration-for-regular-meeting\7.27\1time-40frame\images\1-34.jpg
4266.23681641
319.5 540
3.38372351075 0.382529425769 4.86267769682
-5.05601715193 -0.122641716975 -3.10856853235
-0.0174231353096 -0.410780874572 0.0442507891374
0.978700520294 -0.00864962876126 -0.203930119587 0.0219680839085
0.915859637676 -0.0394728485731 -0.399552879484
0.0465278520316 0.998883958783 0.00797118153696
0.398793177091 -0.025890403139 0.916675237238
1.3292893896
0 0 0

00000016.jpg
D:\Automated-3D-Modeling-Project\Demonstration-for-regular-meeting\7.27\1time-40frame\images\1-35.jpg
4236.859375
285 540
3.61672316074 0.37452508088 4.79636757934
-5.33103687023 -0.0939415179977 -2.7923668982
-0.0195479181123 -0.441564767886 0.0451024942969
0.975426859915 -0.00969376817462 -0.21897096506 0.0223662244388
0.903103784164 -0.0393884356763 -0.427614366012
0.0478780286137 0.998810805203 0.00911618808047
0.426746277433 -0.0287060593248 0.903915646807
1.44216547383
0 0 0

00000017.jpg
D:\Automated-3D-Modeling-Project\Demonstration-for-regular-meeting\7.27\1time-40frame\images\1-36.jpg
4153.14990234
306 540
4.01938402596 0.349701646773 4.6420546921
-5.78094358523 -0.040192516609 -2.09892711016
-0.0247357062275 -0.508621693504 0.0447675407213
0.967513395831 -0.0122336309363 -0.251550937228 0.0221408503995
0.872464046557 -0.0366884030407 -0.48729982243
0.0489978743859 0.998719578646 0.0125333775392
0.486215783577 -0.0348114297028 0.873145059247
1.65002253597
0 0 0

00000018.jpg
D:\Automated-3D-Modeling-Project\Demonstration-for-regular-meeting\7.27\1time-40frame\images\1-37.jpg
4106.74804688
291 540
4.2194371117 0.340898256942 4.56886756624
-5.97658396869 -0.0205106883778 -1.75339439807
-0.0268764185215 -0.539628452724 0.044633052617
0.963485439461 -0.0132742441616 -0.266522112396 0.022044233224
0.856960884314 -0.0354024932817 -0.514165804778
0.0495546976599 0.998675771387 0.0138285589502
0.512994893573 -0.0373296049279 0.857580112517
1.69509628002
0 0 0

00000019.jpg
D:\Automated-3D-Modeling-Project\Demonstration-for-regular-meeting\7.27\1time-40frame\images\1-38.jpg
4043.91333008
277.5 540
4.59920800533 0.336660071731 4.55463750023
-6.3778445501 2.22044604925e-015 -1.15495188653
-0.0291785190873 -0.601382749228 0.0442875172996
0.95478555216 -0.0143687077476 -0.296145700275 0.0218090024048
0.823643476837 -0.0331353846007 -0.566137916452
0.0501562970118 0.998635804086 0.0145209565663
0.564884627375 -0.040355181676 0.824182521533
1.91034489822
0 0 0

00000020.jpg
D:\Automated-3D-Modeling-Project\Demonstration-for-regular-meeting\7.27\1time-40frame\images\1-39.jpg
4022.30566406
294 540
4.77959457573 0.353641713209 4.62368094948
-6.59870804681 -0.00327942308529 -0.897273270648
-0.0285234201437 -0.633671227937 0.0456547511975
0.949869740786 -0.0140225895584 -0.311523355179 0.0224446379224
0.804898274394 -0.0339024844303 -0.592442660641
0.0513754451912 0.99859909083 0.0126553649566
0.591183773888 -0.0406231690794 0.805512732617
1.90260187741
0 0 0

00000021.jpg
D:\Automated-3D-Modeling-Project\Demonstration-for-regular-meeting\7.27\1time-40frame\images\1-40.jpg
3979.79760742
307.5 540
5.12021433434 0.365278230826 4.76426077643
-6.99305989943 -0.00380058953158 -0.381271008478
-0.0287216891125 -0.695000892633 0.0450462352183
0.939877122453 -0.0140718690542 -0.340507882924 0.0220698971044
0.767133852947 -0.031903044393 -0.64069230125
0.0510689211403 0.998629851121 0.0114218601408
0.63944997545 -0.0414814510362 0.767712317172
1.94786548909
0 0 0

00000022.jpg
D:\Automated-3D-Modeling-Project\Demonstration-for-regular-meeting\7.27\1time-40frame\images\1-41.jpg
3958.20605469
298.5 540
5.2747585111 0.365730296311 4.84987416731
-7.17388776425 -0.0016772934971 -0.115929533197
-0.0293318853019 -0.727405380969 0.0441720347805
0.934242292396 -0.0143430446163 -0.355695098558 0.0215997525944
0.746029088911 -0.0301551116542 -0.665230511319
0.0505624978617 0.998655308721 0.011434303916
0.663991105766 -0.042165211613 0.746550245971
2.01017157971
0 0 0

00000023.jpg
D:\Automated-3D-Modeling-Project\Demonstration-for-regular-meeting\7.27\1time-40frame\images\1-42.jpg
3923.68774414
321 540
5.59523439388 0.368995410131 5.01241588063
-7.51003813424 0.00493343940207 0.407911490692
-0.0304682544856 -0.784932779935 0.0433865041102
0.923626252148 -0.0148442866759 -0.382423194351 0.021138122802
0.706611592937 -0.0276939699051 -0.70705965603
0.0504009306591 0.998665672983 0.0112540211399
0.705804750904 -0.0435882703333 0.707064548712
2.07527200152
0 0 0

00000024.jpg
D:\Automated-3D-Modeling-Project\Demonstration-for-regular-meeting\7.27\1time-40frame\images\1-43.jpg
3901.06347656
310.5 540
5.72971281547 0.374740797715 5.11112354842
-7.65661059335 0.00485079041675 0.685531299727
-0.0308374126463 -0.817875619703 0.0433077306504
0.917200120881 -0.0149907540653 -0.397587580111 0.021052853777
0.682961321355 -0.0266993246148 -0.729965816161
0.0505393955019 0.998663873795 0.010758610322
0.728703689994 -0.044239475441 0.683399051827
2.11831067148
0 0 0

00000025.jpg
D:\Automated-3D-Modeling-Project\Demonstration-for-regular-meeting\7.27\1time-40frame\images\1-44.jpg
3875.67700195
330 540
6.00359749241 0.36679935625 5.32707827351
-7.94414501234 0.0162037380929 1.20240795802
-0.0332329297463 -0.876205537709 0.0415193150486
0.905215855245 -0.0160880778889 -0.42417153844 0.0200995211526
0.639349080442 -0.0227406299837 -0.768580409416
0.0500369909369 0.998674448013 0.0120753496694
0.767286798344 -0.0461773830725 0.63963944989
2.211479001
0 0 0

00000026.jpg
D:\Automated-3D-Modeling-Project\Demonstration-for-regular-meeting\7.27\1time-40frame\images\1-45.jpg
3876.02026367
297 540
6.12815560199 0.363657169603 5.47232429788
-8.0962092934 0.022989263417 1.44353787019
-0.0345353685567 -0.905602352547 0.0408023730714
0.898879923328 -0.0166816265497 -0.437433300384 0.0197087790971
0.616526713069 -0.0208377520964 -0.787057462708
0.0500255512781 0.998666562065 0.012747538725
0.785742583331 -0.0472315780508 0.616747191111
2.34511886641
0 0 0

00000027.jpg
D:\Automated-3D-Modeling-Project\Demonstration-for-regular-meeting\7.27\1time-40frame\images\1-46.jpg
3854.66015625
294 540
6.41737975501 0.339392832536 5.59859247606
-8.29329838237 0.0498564979439 1.96491625444
-0.0390077291735 -0.950234366392 0.0392282443728
0.888870848893 -0.0187758827099 -0.457383431139 0.0188820249439
0.580887907657 -0.0163918870778 -0.813818789682
0.050742839085 0.998581739688 0.0161059710519
0.812400405142 -0.0506513681605 0.580895896705
2.54628027137
0 0 0

00000028.jpg
D:\Automated-3D-Modeling-Project\Demonstration-for-regular-meeting\7.27\1time-40frame\images\1-47.jpg
3847.88330078
278 540
6.53710647205 0.329430808187 5.69690240015
-8.38965687449 0.0615689614075 2.21513663617
-0.0411563159698 -0.975187146022 0.038555382404
0.883080932328 -0.0197697332267 -0.468438179382 0.0185203560284
0.560445440325 -0.0141878822437 -0.828069911232
0.0512320108309 0.998532556389 0.0175653143063
0.826605385515 -0.0522677834926 0.560349735452
2.66016615144
0 0 0

00000029.jpg
D:\Automated-3D-Modeling-Project\Demonstration-for-regular-meeting\7.27\1time-40frame\images\1-48.jpg
3866.43652344
255.5 540
6.77506217866 0.307652697313 5.94935046303
-8.61565701216 0.0915509366443 2.67448748058
-0.0457895795842 -1.02172870437 0.0375236525799
0.871903164809 -0.0219085929778 -0.488858786671 0.0179536575544
0.521390164822 -0.00988727584332 -0.853261859043
0.0527281275228 0.998395593192 0.0206509520124
0.851688233929 -0.0557577342028 0.521074757202
3.06025051672
0 0 0

00000030.jpg
D:\Automated-3D-Modeling-Project\Demonstration-for-regular-meeting\7.27\1time-40frame\images\1-49.jpg
3860.19995117
227 540
6.86141317234 0.296335888825 6.071546053
-8.68575291596 0.105544751282 2.92866120562
-0.0484656504075 -1.04969965996 0.0370477297778
0.864955111197 -0.0231318351573 -0.501003892336 0.0176822547715
0.497364812131 -0.00741055338285 -0.867510094779
0.0537668731855 0.998304684675 0.0222982661684
0.865873414845 -0.0577337300344 0.496919880739
3.21429058869
0 0 0

00000031.jpg
D:\Automated-3D-Modeling-Project\Demonstration-for-regular-meeting\7.27\1time-40frame\images\1-50.jpg
3888.71435547
209.5 540
7.07607057116 0.271670371294 6.3244132483
-8.87186318994 0.14478028457 3.37814145554
-0.0540686018821 -1.09311259206 0.0369111788667
0.853810058518 -0.02570361279 -0.519653584966 0.0175471644575
0.459304685407 -0.00325000387634 -0.888272957996
0.0566777781726 0.998062769083 0.0256553231942
0.886468873161 -0.0621286893671 0.458599009616
3.69350103791
0 0 0

00000032.jpg
D:\Automated-3D-Modeling-Project\Demonstration-for-regular-meeting\7.27\1time-40frame\images\1-18.jpg
6523.36181641
225 540
-2.16611602225 0.0637565107217 11.6326774077
6.16637102707 0.00656701296092 -10.0990606323
-0.0271796956789 0.364102155214 0.0541991249551
0.983017528467 -0.0135128306536 0.181019347021 0.0269459822415
0.93301227234 -0.0578687724444 0.355162121251
0.0480847190161 0.998182404279 0.0363221708481
-0.356618643202 -0.0168112267188 0.934099168475
3.51679291691
0 0 0

00000033.jpg
D:\Automated-3D-Modeling-Project\Demonstration-for-regular-meeting\7.27\1time-40frame\images\1-17.jpg
6887.85302734
231 540
-2.56646199845 0.0318614879794 12.9771007835
7.6225179271 0.0148266176616 -10.811561849
-0.0281642084448 0.418749183646 0.0567279452768
0.977663406006 -0.0139770985072 0.207813352933 0.0281524716307
0.912042347209 -0.0608561706251 0.40555609943
0.0492383945829 0.998024014241 0.0390303787516
-0.40712994234 -0.0156292121788 0.913236580323
4.02161509235
0 0 0

00000034.jpg
D:\Automated-3D-Modeling-Project\Demonstration-for-regular-meeting\7.27\1time-40frame\images\1-16.jpg
7095.11962891
228 540
-2.74176770657 0.0219461793432 13.7202980677
8.40459447606 0.0184620830098 -11.1860086991
-0.02860490976 0.446987514611 0.0567902743321
0.974627930356 -0.0141812880719 0.221600374286 0.0281545806906
0.900201275308 -0.0611655543741 0.431157336403
0.0485954084599 0.998012754275 0.0401212163545
-0.432754320223 -0.0151647014187 0.901384380939
4.3134613764
0 0 0

00000035.jpg
D:\Automated-3D-Modeling-Project\Demonstration-for-regular-meeting\7.27\1time-40frame\images\1-15.jpg
7414.54394531
214.5 529
-3.11575479777 0.0279791727257 15.0146422407
9.92778936774 -0.0069335785063 -11.6870506891
-0.029960033846 0.499473349912 0.0581731913202
0.968447927655 -0.0148221328141 0.247104538251 0.0287800331736
0.876222658296 -0.0630692167861 0.477762665444
0.048418637153 0.997903648517 0.0429321454927
-0.47946884649 -0.0144857097362 0.877439247501
4.53407959973
0 0 0

00000036.jpg
D:\Automated-3D-Modeling-Project\Demonstration-for-regular-meeting\7.27\1time-40frame\images\1-14.jpg
7562.65917969
213 522
-3.28610893256 0.0309370793074 15.6335991359
10.6862554056 -0.0139800945618 -11.8748751454
-0.0309827789276 0.525485597389 0.0586281258841
0.965137926839 -0.0153109469095 0.259682390083 0.0289726149134
0.863451682557 -0.0638770986177 0.500371516565
0.0479731793526 0.997851978794 0.0446017878067
-0.50214577784 -0.014506914426 0.864661209938
4.89048874766
0 0 0

00000037.jpg
D:\Automated-3D-Modeling-Project\Demonstration-for-regular-meeting\7.27\1time-40frame\images\1-13.jpg
8060.11621094
222 525.5
-3.61082667234 -0.0121637429064 17.4727744328
12.555639361 -0.00692121368484 -12.6764222011
-0.0318530637803 0.576587534842 0.0616975750615
0.958136141757 -0.0157036566566 0.284259396273 0.0304170908643
0.836542879166 -0.0672152247085 0.543762990067
0.0493596316284 0.997656172454 0.0473850578443
-0.545673814747 -0.0127999061575 0.837900412944
5.8992010554
0 0 0

00000038.jpg
D:\Automated-3D-Modeling-Project\Demonstration-for-regular-meeting\7.27\1time-40frame\images\1-12.jpg
8155.31640625
205.5 499.5
-3.78685560696 0.0291056920939 17.9281609479
13.2635238397 8.881784197e-016 -12.6427474547
-0.0359155800976 0.601000305287 0.0610866905939
0.954570307839 -0.0176850184493 0.295935676331 0.0300794041812
0.823034794126 -0.067893119471 0.563919039853
0.0469585049645 0.997564434341 0.0515663976124
-0.56604659877 -0.0159599764087 0.824218661965
5.92447925666
0 0 0

00000039.jpg
D:\Automated-3D-Modeling-Project\Demonstration-for-regular-meeting\7.27\1time-40frame\images\1-11.jpg
8979.35351563
207 528.5
-4.06938701484 -0.056406796928 20.8349423234
15.8697465296 0.00579009552803 -14.0999621759
-0.0332478067482 0.65112146137 0.0631466000012
0.946846189152 -0.016328304941 0.319771762854 0.0310118784261
0.793568512719 -0.0691695783475 0.604536631451
0.0482843372772 0.997543310369 0.0507539849499
-0.606562068776 -0.0110875882849 0.794959000558
7.21330776824
0 0 0

00000040.jpg
D:\Automated-3D-Modeling-Project\Demonstration-for-regular-meeting\7.27\1time-40frame\images\1-10.jpg
9112.02246094
193.5 508
-4.23335818532 -0.0190004574893 21.4220498481
16.6922629758 -0.00342930655028 -14.0781519896
-0.0359079044555 0.67473276773 0.0629786836435
0.942985232373 -0.0176114238892 0.330930054667 0.030888583181
0.779062799972 -0.0699111713982 0.623036510742
0.0465987397562 0.997471593137 0.0536588414126
-0.625212107255 -0.0127704091816 0.780350200788
7.61280006865
0 0 0

00000041.jpg
D:\Automated-3D-Modeling-Project\Demonstration-for-regular-meeting\7.27\1time-40frame\images\1-9.jpg
9965.88378906
238.5 516
-4.50253210821 -0.0676425482731 24.4424616714
19.5507701666 0.0270535807391 -15.3452887505
-0.0369055084303 0.722706553866 0.0642722974267
0.934747579658 -0.0180496182513 0.353458818475 0.0314340726365
0.748157835302 -0.0715254154199 0.659654889794
0.0460062778433 0.997372045742 0.0559649358962
-0.661924210519 -0.0115224120003 0.74948226966
8.87936011514
0 0 0

00000042.jpg
D:\Automated-3D-Modeling-Project\Demonstration-for-regular-meeting\7.27\1time-40frame\images\1-8.jpg
10379.6591797
219 517.5
-4.63935464585 -0.092185733485 25.9479736791
21.0174025831 0.0313010106242 -15.9090155433
-0.0376172018935 0.745418832932 0.0658911577491
0.930641196697 -0.0183717089678 0.364052007283 0.0321803088157
0.732861249054 -0.0732730982397 0.676420970975
0.0465201861855 0.997253419315 0.0576253624993
-0.678786211898 -0.0107645143772 0.734257479592
9.89051343563
0 0 0

00000043.jpg
D:\Automated-3D-Modeling-Project\Demonstration-for-regular-meeting\7.27\1time-40frame\images\1-7.jpg
10461.890625
195 488
-4.90331286768 -0.041354799144 26.6052408718
22.3649719751 0.0201259786597 -15.2213884911
-0.0415042933435 0.790495870397 0.0651376879246
0.922174866517 -0.020210954327 0.384940319307 0.0317194856135
0.701630091729 -0.0740619853852 0.708682647914
0.0429416642614 0.997170735892 0.0616963003163
-0.71124650238 -0.0128558361183 0.70282511012
11.9860711979
0 0 0

00000044.jpg
D:\Automated-3D-Modeling-Project\Demonstration-for-regular-meeting\7.27\1time-40frame\images\1-6.jpg
11499.1484375
211 516.5
-5.06608988472 -0.123789441366 30.0876322132
25.3158812404 0.0726591901288 -17.0307472109
-0.0399522120171 0.811173644337 0.0651380263916
0.918161154411 -0.0194281329405 0.394460997385 0.0316755987297
0.686794912894 -0.0734938987103 0.723126731135
0.0428393184749 0.997238104956 0.0606658156474
-0.725588327781 -0.0106868122273 0.68804660403
13.7159136039
0 0 0

00000045.jpg
D:\Automated-3D-Modeling-Project\Demonstration-for-regular-meeting\7.27\1time-40frame\images\1-4.jpg
11180.875
177 471
-5.45219271192 -0.0606798767922 29.7602007003
26.320327302 0 -14.9211121892
-0.0446861183694 0.873345966145 0.0664135556501
0.90538820065 -0.0216338725736 0.422812632506 0.0321527680748
0.640391959081 -0.0765157975478 0.764228102306
0.0399271497847 0.996995862803 0.0663634024877
-0.76701017192 -0.0119848093623 0.641523353621
18.4233654502
0 0 0

00000046.jpg
D:\Automated-3D-Modeling-Project\Demonstration-for-regular-meeting\7.27\1time-40frame\images\1-5.jpg
10790.3115234
175.5 486
-5.29204031746 -0.065374875084 28.323046855
24.8306846611 -0.0142383782364 -14.6164844566
-0.0432299932125 0.853550688211 0.0665820548412
0.909541394768 -0.0209592249288 0.413827519575 0.0322810197258
0.655409710823 -0.0760689070281 0.751433401532
0.0413747877958 0.997037287967 0.0648441314588
-0.754139635859 -0.0114089992413 0.656615196399
16.1261801062
0 0 0

00000047.jpg
D:\Automated-3D-Modeling-Project\Demonstration-for-regular-meeting\7.27\1time-40frame\images\1-3.jpg
13599.6826172
160 515
-5.71340700773 -0.174636647735 37.9670260878
33.5771502878 0.0872696050956 -18.6208366351
-0.0432173443811 0.914370001579 0.0663742543783
0.89654162556 -0.0208582022413 0.441306949547 0.0320345370884
0.608443871442 -0.0758504096936 0.789963692733
0.0390307741277 0.997077224009 0.0656748179769
-0.792636506937 -0.00912616819782 0.609626449994
26.0021662143
0 0 0

00000048.jpg
D:\Automated-3D-Modeling-Project\Demonstration-for-regular-meeting\7.27\1time-40frame\images\1-2.jpg
12656.0986328
141.5 497.5
-5.80886166445 -0.127052765875 35.3035714028
31.8666880491 0.0256265182289 -16.2669764992
-0.0440961076081 0.935103099782 0.0653421093997
0.891925804304 -0.021247903539 0.450583544466 0.0314853830161
0.591966180043 -0.0753131087909 0.802436145307
0.037017393491 0.997114257268 0.0662767006294
-0.805112215909 -0.00952951318575 0.593046124225
25.4607519781
0 0 0

00000049.jpg
D:\Automated-3D-Modeling-Project\Demonstration-for-regular-meeting\7.27\1time-40frame\images\1-1.jpg
13523.3427734
123.5 498
-6.03611615675 -0.144512248674 38.574171044
35.2996701147 0.0396978429875 -16.6839440218
-0.0450634501525 0.973393123058 0.0649030507931
0.883132886298 -0.0216469498651 0.467584973244 0.0311772197169
0.560784587378 -0.0753108722991 0.824529564829
0.0348236398423 0.997118796176 0.0673901934635
-0.827229103211 -0.00907833979198 0.561791395888
32.0499968165
0 0 0

00000050.jpg
D:\Automated-3D-Modeling-Project\Demonstration-for-regular-meeting\7.27\1time-40frame\images\1-0.jpg
16313.1601563
76.5 540
-6.28307603963 -0.302439094786 48.6411370306
44.946304099 0.000901031555633 -19.6305627046
-0.0433124838779 1.02977696898 0.0684272427015
0.869563700691 -0.020706202511 0.492300799948 0.0327127012304
0.513139569058 -0.0772788706498 0.85481917652
0.0365042395162 0.997002243478 0.0682196382268
-0.857528445306 -0.00380181010403 0.514422305704
59.5430559495
0 0 0

